date,ticker,name,end,AUM,target_5d,sector,domestic_mean,domestic_std,domestic_count,global_mean,global_std,global_count
2019-01-02,157450,TIGER 단기통안채,96776,3091,0.0003409355096692,단기자금,-0.4996573752650874,0.7066400713625745,2.0,-0.0766323745250701,0.5024558107065658,10.0
2019-01-03,157450,TIGER 단기통안채,96794,10303,0.0002995604747191,단기자금,0.1218443153611588,0.3441969625507488,8.0,-0.3006076739790539,0.5145235215139475,12.0
2019-01-04,157450,TIGER 단기통안채,96799,1286,0.0003511816264811,단기자금,3.7250794573790496e-05,9.91204066341926e-05,9.0,-0.2121021571258703,0.3142286020241789,15.0
2019-01-07,157450,TIGER 단기통안채,96804,1109,0.0002995295343026,단기자금,0.319769141120725,0.5206882997738386,11.0,-0.1067174694572503,0.4151586490040732,13.0
2019-01-08,157450,TIGER 단기통안채,96809,2239,0.0002478801099243,단기자금,0.0414694192586466,0.058597835759791,2.0,0.0705764852464199,0.3935455391291095,8.0
2019-01-09,157450,TIGER 단기통안채,96809,1600,0.0003511453571292,단기자금,-0.0892060930896799,0.3125793905015184,7.0,-0.207183850212739,0.2584999137898435,13.0
2019-01-10,157450,TIGER 단기통안채,96823,3238,0.000299470765114,단기자금,0.0058569554217683,0.0132867406071976,5.0,-0.3021987889789873,0.4471333057307818,27.0
2019-01-11,157450,TIGER 단기통안채,96833,1623,0.0002478186806005,단기자금,-0.002980085555464,0.0,1.0,-0.2023367406800389,0.4803104788503307,20.0
2019-01-14,157450,TIGER 단기통안채,96833,765,0.000299439843225,단기자금,-0.2016194500050915,0.420580696266285,10.0,-0.1683838223772389,0.4995762465341187,14.0
2019-01-15,157450,TIGER 단기통안채,96833,20005,0.0003510583412413,단기자금,-0.2486017739774979,0.4936122152355707,4.0,-0.0762918140325281,0.3554620275315667,9.0
2019-01-16,157450,TIGER 단기통안채,96843,754,0.0002994089277201,단기자금,0.2323671483636644,0.4570994009643317,4.0,-0.0365907503291964,0.4617983275006629,8.0
2019-01-17,157450,TIGER 단기통안채,96852,223,0.0003097029973027,단기자금,-0.126724861216644,0.8308610781339305,8.0,0.0262754488736391,0.4356391476412692,10.0
2019-01-18,157450,TIGER 단기통안채,96857,1203,0.0003612921912452,단기자금,-0.0679172056552488,0.5937074410694425,5.0,-0.1155382581055164,0.4670672292274045,14.0
2019-01-21,157450,TIGER 단기통안채,96862,3135,0.0003096710286207,단기자금,-0.2833526919145827,0.4842053428205907,7.0,-0.2806639124949773,0.4941025719220592,6.0
2019-01-22,157450,TIGER 단기통안채,96867,32104,0.0003096550467542,단기자금,0.1506252123211501,0.3685001137870183,6.0,0.0988137079402804,0.146899112102704,10.0
2019-01-23,157450,TIGER 단기통안채,96872,4151,0.000309639066538,단기자금,0.7989163956415724,0.4466037049117781,5.0,-0.3895518947392702,0.4879387708919347,8.0
2019-01-24,157450,TIGER 단기통안채,96882,524,0.0004334231206204,단기자금,2.7511196094565094e-05,2.20296514605538e-06,2.0,-0.2029368244111538,0.3966447646561569,9.0
2019-01-25,157450,TIGER 단기통안채,96892,4430,0.0003817955789049,단기자금,0.0172528996314213,0.0400548749086828,5.0,-0.3250938685876982,0.3967384866911228,14.0
2019-01-28,157450,TIGER 단기통안채,96892,9635,0.000536536053648,단기자금,0.285752441454211,0.4685858301814035,14.0,-0.2145195874170615,0.4574975473535599,13.0
2019-01-29,157450,TIGER 단기통안채,96897,12181,0.0005365083751769,단기자금,0.2083026261848967,0.4188758865828859,14.0,-0.2332400907244947,0.3641419040729169,9.0
2019-01-30,157450,TIGER 단기통안채,96902,63200,0.0005880502178641,단기자금,0.1347533271303594,0.3258441892415915,6.0,-0.115507909311698,0.514314072576035,13.0
2019-01-31,157450,TIGER 단기통안채,96924,2691,0.0004126093473288,단기자금,0.3193466414941213,0.6419873979607508,14.0,-0.2594647204503417,0.3895514932752509,10.0
2019-02-01,157450,TIGER 단기통안채,96929,2223,0.0003610238675975,단기자금,0.3176578590591816,0.4721413935943073,4.0,-0.1626896873116493,0.3228577884588093,15.0
2019-02-07,157450,TIGER 단기통안채,96944,2928,0.0003094091341626,단기자금,0.009120378803865,0.4919797173975604,7.0,0.1110334132931062,0.5946668093815708,7.0
2019-02-08,157450,TIGER 단기통안채,96949,213,0.0002990816154149,단기자금,0.3456200115454391,0.4600928399060502,7.0,-0.158410558104515,0.431577041511763,15.0
2019-02-11,157450,TIGER 단기통안채,96959,1325,0.0002474966755254,단기자금,0.4325509111153628,0.5475862607769821,9.0,-0.1503932388499379,0.2885122547280681,10.0
2019-02-12,157450,TIGER 단기통안채,96964,2794,0.0002474839148085,단기자금,0.2500046939567255,0.4996353597193144,4.0,-0.1316500583197921,0.3718443679564102,16.0
2019-02-13,157450,TIGER 단기통안채,96964,1520,0.0003505841386282,단기자금,0.0351952792984125,0.8109301875154097,7.0,-0.1305819364885489,0.343774907802913,9.0
2019-02-14,157450,TIGER 단기통안채,96974,250,0.0002990045233826,단기자금,0.0729960961588567,0.2490853801599064,61.0,-0.1003015410775939,0.3712017588453368,12.0
2019-02-15,157450,TIGER 단기통안채,96978,145,0.0003093006736474,단기자금,0.1084288790314328,0.3341368864487864,9.0,-0.0375146153382957,0.3265689626450999,16.0
2019-02-18,157450,TIGER 단기통안채,96983,1180,0.0003608228862717,단기자금,-0.2423953160177916,0.4492872494792834,8.0,-0.0900813131593167,0.2125705601657198,4.0
2019-02-19,157450,TIGER 단기통안채,96988,20004,0.0003092687879675,단기자금,0.0258030508055526,0.5847406206522362,5.0,-0.2008215691894292,0.346891739774926,8.0
2019-02-20,157450,TIGER 단기통안채,96998,1557,0.0003504612724629,단기자금,0.3923814120685814,0.4522312341969576,7.0,-0.0170924641191959,0.410730676280637,10.0
2019-02-21,157450,TIGER 단기통안채,97003,2253,0.0003504432111718,단기자금,0.0252054022745141,0.1579612709834915,40.0,-0.1928598461672663,0.299329675706004,8.0
2019-02-22,157450,TIGER 단기통안채,97008,1945,0.0003298153064204,단기자금,0.0384035993376108,0.1960541635952224,26.0,-0.1616814362683466,0.347640552823779,14.0
2019-02-25,157450,TIGER 단기통안채,97018,1422,0.0003297813167542,단기자금,0.097561715672297,0.282150220440986,15.0,0.0602883692416879,0.107891296676558,9.0
2019-02-26,157450,TIGER 단기통안채,97018,3044,0.0003297813167542,단기자금,0.3711642360334129,0.4510392197784057,9.0,-0.1020941681095532,0.385423277224572,7.0
2019-02-27,157450,TIGER 단기통안채,97032,670,0.0003400361707601,단기자금,0.3735423734416634,0.4595639897875664,13.0,-0.0600672352593392,0.1675253817942279,8.0
2019-02-28,157450,TIGER 단기통안채,97037,485,0.0003400186527837,단기자금,3.5539143573259936e-05,7.87797009094043e-05,5.0,-0.1208459871510664,0.49440268212118,9.0
2019-03-04,157450,TIGER 단기통안채,97040,48078,0.0003606109819358,단기자금,0.0005217885631108,0.0042798642946519,21.0,,,
2019-03-05,157450,TIGER 단기통안채,97050,630,0.0003090712433824,단기자금,0.0827736546657084,0.2762454948244939,13.0,,,
2019-03-06,157450,TIGER 단기통안채,97050,601,0.0004120737670358,단기자금,-0.0005620854237349,0.0008166975403718,5.0,,,
2019-03-07,157450,TIGER 단기통안채,97065,758,0.0003605181199404,단기자금,9.723877623660624e-05,0.0002094463184123,7.0,,,
2019-03-08,157450,TIGER 단기통안채,97070,519,0.0003502013693648,단기자금,0.1636760159046389,0.4669924637747659,5.0,,,
2019-03-11,157450,TIGER 단기통안채,97075,2516,0.0003501833348522,단기자금,0.5713210942703881,0.534384040128546,7.0,,,
2019-03-12,157450,TIGER 단기통안채,97080,15514,0.000350165302196,단기자금,-0.0666186647596567,0.2552030588802911,13.0,,,
2019-03-13,157450,TIGER 단기통안채,97090,38689,0.0002471627785425,단기자금,-0.3283250130795447,0.5716295565294092,3.0,,,
2019-03-14,157450,TIGER 단기통안채,97100,48039,0.000288320944394,단기자금,-0.0151178823968317,0.0370771141580804,6.0,,,
2019-03-15,157450,TIGER 단기통안채,97104,5797,0.000298604284616,단기자금,0.1384081757751118,0.3391193800074937,6.0,,,
2019-03-18,157450,TIGER 단기통안채,97109,4430,0.00035006074941,단기자금,0.4403065126538826,0.5228614350406304,9.0,,,
2019-03-19,157450,TIGER 단기통안채,97114,406,0.0003500427293783,단기자금,-0.1523729171115389,0.3749418115354884,7.0,,,
2019-03-20,157450,TIGER 단기통안채,97114,2737,0.0003500427293783,단기자금,0.3199222385198179,0.4963476003010791,6.0,,,
2019-03-21,157450,TIGER 단기통안채,97128,1051,0.0003911597937609,단기자금,-0.3492674378203446,0.4845486999773239,8.0,,,
2019-03-22,157450,TIGER 단기통안채,97133,1007,0.0003396826573194,단기자금,0.0064513416089337,0.0193880653857344,9.0,,,
2019-03-25,157450,TIGER 단기통안채,97143,1562,0.0002881933385534,단기자금,-0.0382078500242641,0.4154365611336025,8.0,,,
2019-03-26,157450,TIGER 단기통안채,97148,500,0.0003396302180025,단기자금,-0.2866637285426675,0.7532189461209425,7.0,,,
2019-03-27,157450,TIGER 단기통안채,97148,1849,0.0003396302180025,단기자금,0.0014778765532052,0.0025210169968536,3.0,,,
2019-03-28,157450,TIGER 단기통안채,97166,21772,0.0003601434438795,단기자금,-0.1227080083467626,0.3471329857799306,8.0,,,
2019-03-29,157450,TIGER 단기통안채,97166,23642,0.0004115819209005,단기자금,0.1136331520036037,0.3037878094272216,10.0,,,
2019-04-01,157450,TIGER 단기통안채,97171,215625,0.0004115607470289,단기자금,0.0997490244656849,0.5127800227197055,12.0,,,
2019-04-02,157450,TIGER 단기통안채,97181,6281,0.0003498014398104,단기자금,-0.1302597238666041,0.4950240467197709,9.0,,,
2019-04-03,157450,TIGER 단기통안채,97181,9429,0.0004012325093309,단기자금,0.4257738390544546,0.5128174668177669,5.0,,,
2019-04-04,157450,TIGER 단기통안채,97201,1718,0.0002468805624964,단기자금,0.0029519698224855,0.0067582496506697,6.0,,,
2019-04-05,157450,TIGER 단기통안채,97206,1137,0.0002880065849986,단기자금,0.0004565515385669,0.001090265093195,6.0,,,
2019-04-08,157450,TIGER 단기통안채,97211,5132,0.0002365707537581,단기자금,0.1665311000936829,0.4070986564373596,6.0,,,
2019-04-09,157450,TIGER 단기통안채,97215,736,0.000298263389352,단기자금,-0.0318840099183684,0.1352446507721147,35.0,,,
2019-04-10,157450,TIGER 단기통안채,97220,4873,0.0002982480520294,단기자금,-0.1736930226115873,0.5558813800888605,12.0,,,
2019-04-11,157450,TIGER 단기통안채,97225,23600,0.0004010509645553,단기자금,0.0003344187090988,0.0010259836188242,10.0,,,
2019-04-12,157450,TIGER 단기통안채,97234,5192,0.0003598916250933,단기자금,0.0383373070475169,0.1320315367700086,11.0,,,
2019-04-15,157450,TIGER 단기통안채,97234,280,0.0003598916250933,단기자금,0.0447026484440963,0.5364851069151854,12.0,,,
2019-04-16,157450,TIGER 단기통안채,97244,10977,0.0003084547469942,단기자금,0.1801381116529228,0.7495932897436565,6.0,,,
2019-04-17,157450,TIGER 단기통안채,97249,787,0.0003598361242325,단기자금,-0.0457363932691805,0.4920514778216296,10.0,,,
2019-04-18,157450,TIGER 단기통안채,97264,12287,0.0002981131515689,단기자금,-0.0627628007321618,0.5789347327781513,10.0,,,
2019-04-19,157450,TIGER 단기통안채,97269,15145,0.0002878200733249,단기자금,0.089720653802538,0.567566523027242,9.0,,,
2019-04-22,157450,TIGER 단기통안채,97269,10457,0.0004316990508002,단기자금,-0.3326281289361456,0.6512621308511509,12.0,,,
2019-04-23,157450,TIGER 단기통안채,97274,326,0.000380296533093,단기자금,-0.4988201664615189,0.5276731338306018,10.0,,,
2019-04-24,157450,TIGER 단기통안채,97284,986,0.0004830049165143,단기자금,-0.3755371242132241,0.7357042767264467,8.0,,,
2019-04-25,157450,TIGER 단기통안채,97293,2221,0.0004418663272129,단기자금,0.1102650044183974,0.7255198632567154,10.0,,,
2019-04-26,157450,TIGER 단기통안채,97297,329,0.0004521213817412,단기자금,0.0084867811438016,0.0254737835398845,10.0,,,
2019-04-29,157450,TIGER 단기통안채,97311,756,0.0004109687618836,단기자금,0.4248623581544962,0.5271578218561195,5.0,,,
2019-04-30,157450,TIGER 단기통안채,97311,6467,0.0005034134620434,단기자금,0.0951618572158622,0.5271196032745219,10.0,,,
2019-05-02,157450,TIGER 단기통안채,97331,13173,0.0003492624434571,단기자금,0.075825893217453,0.3087306835964765,11.0,,,
2019-05-03,157450,TIGER 단기통안채,97336,610,0.0003492445055162,단기자금,0.1883586058006172,0.3435620290426323,11.0,,,
2019-05-07,157450,TIGER 단기통안채,97341,669,0.0003492265694191,단기자금,0.1955732382157293,0.438010728436685,5.0,,,
2019-05-08,157450,TIGER 단기통안채,97351,19802,0.0002978467754441,단기자금,0.0009359862733617,0.0021448813590955,4.0,,,
2019-05-09,157450,TIGER 단기통안채,97360,48882,0.0003594259492896,단기자금,-0.1407687846469343,0.3093429068685843,5.0,,,
2019-05-10,157450,TIGER 단기통안채,97365,89477,0.0004107408796247,단기자금,0.4998977898612793,0.7069312649833466,2.0,,,
2019-05-13,157450,TIGER 단기통안채,97370,738,0.0004004538530466,단기자금,0.1331625718254751,0.3298389671101279,6.0,,,
2019-05-14,157450,TIGER 단기통안채,97375,3561,0.0003491046527983,단기자금,0.2118764478931552,0.4411677261164716,5.0,,,
2019-05-15,157450,TIGER 단기통안채,97380,3541,0.0002977580891556,단기자금,0.022587300628705,0.0676065656043771,9.0,,,
2019-05-16,157450,TIGER 단기통안채,97395,2348,0.0003285049972561,단기자금,0.0816955520946673,0.5132455348029247,12.0,,,
2019-05-17,157450,TIGER 단기통안채,97405,10694,0.0002258355926496,단기자금,5.165220645722002e-05,0.0001384311600266,5.0,,,
2019-05-20,157450,TIGER 단기통안채,97409,202,0.0002874064665707,단기자금,-0.1225331835693006,0.3466478795166238,7.0,,,
2019-05-21,157450,TIGER 단기통안채,97409,10410,0.0003387203587923,단기자금,0.0008555860586056,0.0012360344884383,2.0,,,
2019-05-22,157450,TIGER 단기통안채,97409,28633,0.0003387203587923,단기자금,-0.2591162947703976,0.4449564148043705,7.0,,,
2019-05-23,157450,TIGER 단기통안채,97427,25120,0.0003591788184689,단기자금,0.1646161954492223,0.4024924710343954,6.0,,,
2019-05-24,157450,TIGER 단기통안채,97427,37614,0.0004104795484884,단기자금,-0.0001619772971025,0.0004293074168033,5.0,,,
2019-05-27,157450,TIGER 단기통안채,97437,25608,0.0003591419624147,단기자금,0.2991079527990223,0.4808804150142458,10.0,,,
2019-05-28,157450,TIGER 단기통안채,97442,7659,0.0004514487477145,단기자금,0.1241997351018653,0.6964825562727041,10.0,,,
2019-05-29,157450,TIGER 단기통안채,97442,8315,0.0004104163731657,단기자금,0.1050398962339386,0.3145960060034061,10.0,,,
2019-05-30,157450,TIGER 단기통안채,97462,436,0.0004000759171756,단기자금,0.2014972679543836,0.3928563107229728,17.0,,,
2019-05-31,157450,TIGER 단기통안채,97467,276,0.0004000553976215,단기자금,0.1434860110208059,0.3361857537690465,7.0,,,
2019-06-03,157450,TIGER 단기통안채,97472,71194,0.0003897795743306,단기자금,0.1786969773909897,0.3950822950191623,11.0,,,
2019-06-04,157450,TIGER 단기통안채,97486,74997,0.0002974343743247,단기자금,0.1361093751552939,0.3814307991075919,7.0,,,
2019-06-05,157450,TIGER 단기통안채,97482,62099,0.0005435423712274,단기자금,0.2730777900042085,0.4834170799864016,4.0,,,
2019-06-07,157450,TIGER 단기통안채,97501,2167,0.0003486535854353,단기자금,-0.0001846971167002,0.0005742521851243,7.0,,,
2019-06-10,157450,TIGER 단기통안채,97506,1728,0.0003896436860362,단기자금,0.0002023822351475,0.4693935845973086,10.0,,,
2019-06-11,157450,TIGER 단기통안채,97510,116,0.0003998790162942,단기자금,0.1548373901890348,0.362359571237258,12.0,,,
2019-06-12,157450,TIGER 단기통안채,97515,28443,0.0003486035387787,단기자금,0.748549622563587,0.4988986672295703,4.0,,,
2019-06-13,157450,TIGER 단기통안채,97535,159,0.0003382828589479,단기자금,-0.1249972968857946,0.3534148511351874,8.0,,,
2019-06-14,157450,TIGER 단기통안채,97535,42173,0.0003382828589479,단기자금,0.0003970141406171,0.0003490806568989,3.0,,,
2019-06-17,157450,TIGER 단기통안채,97544,41021,0.0002972575450996,단기자금,0.2855944242520699,0.487807042240855,7.0,,,
2019-06-18,157450,TIGER 단기통안채,97549,32519,0.0002459999397412,단기자금,0.3319296771610425,0.4702832369387235,8.0,,,
2019-06-19,157450,TIGER 단기통안채,97549,84952,0.0002972423110438,단기자금,0.0070436861788039,0.6603708857572779,9.0,,,
2019-06-20,157450,TIGER 단기통안채,97568,89209,0.0001537271141778,단기자금,-0.0831471327155668,0.3872961922395893,8.0,,,
2019-06-21,157450,TIGER 단기통안채,97568,6764,0.0003074305999639,단기자금,-0.0836198158111074,0.1857158824713622,5.0,,,
2019-06-24,157450,TIGER 단기통안채,97573,22489,0.0002561856027458,단기자금,0.3746824849880795,0.5445064154551521,10.0,,,
2019-06-25,157450,TIGER 단기통안채,97573,2020,0.0002561856027458,단기자금,0.1353441599549114,0.3314748940404521,6.0,,,
2019-06-26,157450,TIGER 단기통안채,97578,1280,0.0002561724772061,단기자금,-0.0438287683021994,0.4054132036977673,19.0,,,
2019-06-27,157450,TIGER 단기통안채,97583,25036,0.0003381164894751,단기자금,0.3974245509169122,0.5450130817388473,5.0,,,
2019-06-28,157450,TIGER 단기통안채,97598,136817,0.0002356328032249,단기자금,0.2853495824752566,0.4685480410742572,14.0,,,
2019-07-01,157450,TIGER 단기통안채,97598,71909,0.000338064532567,단기자금,0.3989228395665122,0.5484924249060936,5.0,,,
2019-07-02,157450,TIGER 단기통안채,97598,14157,0.0003892764629096,단기자금,0.4156886463395494,0.5266492727418469,5.0,,,
2019-07-03,157450,TIGER 단기통안채,97603,921,0.0003380472171468,단기자금,0.0006757780129191,0.0017510598453446,8.0,,,
2019-07-04,157450,TIGER 단기통안채,97616,1705,0.0003584835161571,단기자금,-0.0565567447065404,0.1390901657736551,6.0,,,
2019-07-05,157450,TIGER 단기통안채,97621,2440,0.0003072637166212,단기자금,7.31738589820452e-05,0.0002035207848815,5.0,,,
2019-07-08,157450,TIGER 단기통안채,97631,1507,0.0003072322495132,단기자금,-0.5588375779318865,0.4464831378724806,7.0,,,
2019-07-09,157450,TIGER 단기통안채,97636,10419,0.0002560203191706,단기자금,-0.4779267343352937,0.5268651859871957,6.0,,,
2019-07-10,157450,TIGER 단기통안채,97636,352,0.0003072165183759,단기자금,-0.298681017011404,0.5514811987311785,5.0,,,
2019-07-11,157450,TIGER 단기통안채,97651,1395,0.0002866943141537,단기자금,0.1216320554594858,0.1719947756545872,2.0,,,
2019-07-12,157450,TIGER 단기통안채,97651,3741,0.0003890652245246,단기자금,0.1860552331643702,0.4309956131812303,10.0,,,
2019-07-15,157450,TIGER 단기통안채,97661,1213,0.0003890253939324,단기자금,0.3658024644020251,0.6039012429745937,14.0,,,
2019-07-16,157450,TIGER 단기통안채,97661,94522,0.0003378464878185,단기자금,0.0919761640229808,0.3729275457345538,8.0,,,
2019-07-17,157450,TIGER 단기통안채,97666,961,0.0003378291947271,단기자금,0.3319486286227402,0.4572161348091877,4.0,,,
2019-07-18,157450,TIGER 단기통안채,97679,1605,0.0003991873009088,단기자금,-0.1429743779808632,0.3762587984162433,7.0,,,
2019-07-19,157450,TIGER 단기통안채,97689,1695,0.0002968163905379,단기자금,-0.0976501570961166,0.6268698834183047,6.0,,,
2019-07-22,157450,TIGER 단기통안채,97699,479,0.0002456222955515,단기자금,0.0685207862700432,0.4555161788734033,15.0,,,
2019-07-23,157450,TIGER 단기통안채,97694,913,0.0003479649204596,단기자금,0.3011073085903523,0.6030308493279426,14.0,,,
2019-07-24,157450,TIGER 단기통안채,97699,8844,0.0003479471155483,단기자금,-0.3331122139643412,0.5772975590062803,3.0,,,
2019-07-25,157450,TIGER 단기통안채,97718,2753,0.0002046496405316,단기자금,0.2353378668485675,0.3647997989732016,6.0,,,
2019-07-26,157450,TIGER 단기통안채,97718,583,0.0002967283167087,단기자금,-0.0549043677070181,0.4166473408431413,18.0,,,
2019-07-29,157450,TIGER 단기통안채,97723,103,0.0002967131368478,단기자금,-0.0341865605997472,0.4606782514390509,11.0,,,
2019-07-30,157450,TIGER 단기통안채,97728,524,0.0003478438829898,단기자금,0.2126468349520615,0.4470930732875005,9.0,,,
2019-07-31,157450,TIGER 단기통안채,97733,407,0.0003478260904632,단기자금,-0.1465341942312079,0.665921324848861,7.0,,,
2019-08-01,157450,TIGER 단기통안채,97738,1037,0.0003989463776914,단기자금,-0.00787212027769,0.0219437416680199,7.0,-0.394095146159331,0.4088464399420244,15.0
2019-08-02,157450,TIGER 단기통안채,97747,19639,0.0003580031644805,단기자금,0.1179237299153707,0.457986232161398,6.0,-0.1514102352250899,0.4190324306493438,14.0
2019-08-05,157450,TIGER 단기통안채,97752,48902,0.0003068520076858,단기자금,0.1416097261109306,0.3773232545851039,7.0,-0.3466686831255044,0.4034349419298688,14.0
2019-08-06,157450,TIGER 단기통안채,97762,4944,0.0003477229296944,단기자금,0.1064877133434897,0.3349781370584349,9.0,-0.2485890290276571,0.3235883481756279,11.0
2019-08-07,157450,TIGER 단기통안채,97767,1324,0.0002965796210183,단기자금,0.4997843066576024,0.706782143719927,2.0,-0.3336622373899445,0.4147053275610942,16.0
2019-08-08,157450,TIGER 단기통안채,97777,19438,0.0003272217877103,단기자금,-0.0531874120119027,0.6168555627559659,5.0,-0.2662407791671844,0.5251125070440165,13.0
2019-08-09,157450,TIGER 단기통안채,97782,44799,0.0003272050582374,단기자금,-0.8199810405082341,0.4028392844468509,6.0,-0.1645291866734624,0.3295952875032207,12.0
2019-08-12,157450,TIGER 단기통안채,97782,850,0.0003272050582374,단기자금,0.2517115407672463,0.4420372836864599,8.0,-0.2254507810705238,0.5301487722428287,9.0
2019-08-13,157450,TIGER 단기통안채,97796,1874,0.0002351557917954,단기자금,-0.2512473085134843,0.9475580158383452,4.0,-0.046394486601154,0.3089234813991076,12.0
2019-08-14,157450,TIGER 단기통안채,97796,903,0.0003373801948942,단기자금,-0.0007808137537116,0.0013622111335479,3.0,-0.4219959776848554,0.4542115264996029,10.0
2019-08-16,157450,TIGER 단기통안채,97809,1172,0.0002555675402238,단기자금,-0.2069910082576825,0.4384279866353793,10.0,-0.2787013786534468,0.3986697799300663,12.0
2019-08-19,157450,TIGER 단기통안채,97814,2330,0.0002044488067305,단기자금,0.055871852329498,0.6500369996400057,12.0,-0.1711159178188868,0.4074679585114408,7.0
2019-08-20,157450,TIGER 단기통안채,97814,1763,0.0002555544779383,단기자금,0.1294049253010598,0.6216908399902518,4.0,0.0205082260072231,0.1079913061000181,5.0
2019-08-21,157450,TIGER 단기통안채,97819,7862,0.0002044383574357,단기자금,0.4995052444864996,0.7072248446343484,2.0,-0.0469890731302174,0.4833959503950631,11.0
2019-08-22,157450,TIGER 단기통안채,97829,4414,0.0002555152990897,단기자금,0.2482603309654223,0.496997625972166,4.0,-0.1703641095331736,0.4755979273443197,14.0
2019-08-23,157450,TIGER 단기통안채,97834,21690,0.00030659485774,단기자금,0.0035675403984593,0.0077359136030936,6.0,-0.194599033643802,0.3978711374286377,15.0
2019-08-26,157450,TIGER 단기통안채,97834,10651,0.00030659485774,단기자금,-0.0209201443744859,0.7236156555316784,8.0,-0.0406126449150698,0.1173223662802774,7.0
2019-08-27,157450,TIGER 단기통안채,97839,22655,0.0002554891865322,단기자금,-0.0544936412465176,0.6148901520667411,5.0,-0.2285213472152298,0.4455806081456502,11.0
2019-08-28,157450,TIGER 단기통안채,97839,6991,0.0003065791918057,단기자금,0.4443569690423222,0.5269470904536275,9.0,-0.1907548960298299,0.3844682585239944,10.0
2019-08-29,157450,TIGER 단기통안채,97854,682,0.0001532778470529,단기자금,-0.0007531127569867,0.0010584099529533,6.0,-0.2273371898465686,0.3784690926077056,9.0
2019-08-30,157450,TIGER 단기통안채,97864,21209,0.0001430454376052,단기자금,0.2806873042848435,0.4810978850425529,7.0,-0.2958596398433049,0.4499321755183838,9.0
2019-09-02,157450,TIGER 단기통안채,97864,20125,0.0001430454376052,단기자금,-0.2883492440494592,0.4408209777882437,5.0,,,
2019-09-03,157450,TIGER 단기통안채,97864,2704,0.0003473605739827,단기자금,0.1998441460884351,0.4470300698721463,5.0,,,
2019-09-04,157450,TIGER 단기통안채,97869,490,0.0001941182186051,단기자금,0.0998474336767685,0.567195368061961,10.0,,,
2019-09-05,157450,TIGER 단기통안채,97869,3298,0.0002962705687092,단기자금,-0.7365712020546198,0.5143319840841233,4.0,,,
2019-09-06,157450,TIGER 단기통안채,97878,7386,0.0002451731547683,단기자금,-8.089493348961696e-06,3.066104952205694e-05,3.0,,,
2019-09-09,157450,TIGER 단기통안채,97878,2739,0.0002451731547683,단기자금,0.0251345453725662,0.0433777949673715,3.0,,,
2019-09-10,157450,TIGER 단기통안채,97898,340,0.0001940607211867,단기자금,0.1469427430939894,0.3763275852626431,7.0,,,
2019-09-11,157450,TIGER 단기통안채,97888,6750,0.0002962130712909,단기자금,0.0629889096817351,0.1675349569984407,7.0,,,
2019-09-16,157450,TIGER 단기통안채,97898,25922,0.0002349108115726,단기자금,-0.0598771603170981,0.4651294889273311,14.0,,,
2019-09-17,157450,TIGER 단기통안채,97902,41506,0.0002451130596252,단기자금,0.6776081489386141,0.4455359100698143,9.0,,,
2019-09-18,157450,TIGER 단기통안채,97902,304,0.0001532027027959,단기자금,-0.1302840411756603,0.4389406603092379,7.0,,,
2019-09-19,157450,TIGER 단기통안채,97917,913,0.0001838122669219,단기자금,-0.3330990253865214,0.5769641600246823,3.0,,,
2019-09-20,157450,TIGER 단기통안채,97917,1697,0.0002348652343862,단기자금,-0.0424743122603104,0.0601162870810573,2.0,,,
2019-09-23,157450,TIGER 단기통안채,97921,10054,0.0002450655051937,단기자금,0.1021136430063052,0.4148287039572114,7.0,,,
2019-09-24,157450,TIGER 단기통안채,97926,19418,0.0001940052387503,단기자금,0.0439729234414699,0.0978608493501177,5.0,,,
2019-09-25,157450,TIGER 단기통안채,97917,27938,0.0002348652343862,단기자금,-0.1459033187087957,0.3763767712867382,7.0,,,
2019-09-26,157450,TIGER 단기통안채,97935,4603,0.0003573160498451,단기자금,0.111195409462501,0.3317002037725172,9.0,,,
2019-09-27,157450,TIGER 단기통안채,97940,3194,0.0003062630823809,단기자금,-0.0303171610962635,0.0691714771286002,8.0,,,
2019-09-30,157450,TIGER 단기통안채,97945,60566,0.0002552127211874,단기자금,-0.0051658378089831,0.375742224061713,11.0,,,
2019-10-01,157450,TIGER 단기통안채,97945,57293,0.0004083090956541,단기자금,-0.0957880337093229,0.4435975482193958,10.0,-0.0171084060437149,0.4524472948520243,9.0
2019-10-02,157450,TIGER 단기통안채,97940,49636,0.0004593594568476,단기자금,0.0361121067621752,0.7037253994952548,8.0,-0.2335789679653114,0.3503304151430605,9.0
2019-10-04,157450,TIGER 단기통안채,97970,3122,0.0002041232911764,단기자금,-0.0089879754727007,0.0158707729059493,5.0,-0.186808102365051,0.4113132417386488,7.0
2019-10-07,157450,TIGER 단기통안채,97970,1563,0.0002041232911764,단기자금,0.0076384402402456,0.0173281372379264,9.0,-0.3103248432744294,0.3943746519819828,16.0
2019-10-08,157450,TIGER 단기통안채,97970,241,0.0002551476042711,단기자금,-0.0001954821964318,0.0002775614819232,2.0,-0.2575028942754635,0.5215397788449616,13.0
2019-10-10,157450,TIGER 단기통안채,97985,3777,0.0001836847159069,단기자금,0.3098884007583062,0.5983210051098912,3.0,-0.1428309027105569,0.3474949604465627,10.0
2019-10-11,157450,TIGER 단기통안채,97985,160,0.000234702260851,단기자금,-0.0142137249267761,0.0301630659047262,4.0,0.0001935347771415,0.3912362564094275,26.0
2019-10-14,157450,TIGER 단기통안채,97990,1049,0.0001836753441413,단기자금,0.2995402196381747,0.5853434322813678,16.0,-0.0908999091812542,0.2347956097119296,7.0
2019-10-15,157450,TIGER 단기통안채,97990,1506,0.0002346902864296,단기자금,0.0059602389222466,0.6275845615710389,6.0,-0.196626846678555,0.4083064804036075,12.0
2019-10-16,157450,TIGER 단기통안채,97995,21322,0.0001836659733349,단기자금,0.0366953335396829,0.5178163862021804,8.0,0.0016262439581064,0.2639801081284751,13.0
2019-10-17,157450,TIGER 단기통안채,98003,31871,0.0002040545648984,단기자금,-0.0285868053497324,0.0502374729369341,4.0,-0.1720070992906888,0.4331146927823672,15.0
2019-10-18,157450,TIGER 단기통안채,98008,1286,0.0001530370199542,단기자금,-0.0744022660273913,0.5032707495991499,6.0,-0.112522754818201,0.3166326767964075,8.0
2019-10-21,157450,TIGER 단기통안채,98008,22112,0.0001020272821836,단기자금,0.004014143170328,0.6242726210191796,6.0,-0.1786202022007533,0.4400456736033678,7.0
2019-10-22,157450,TIGER 단기통안채,98013,13303,0.0001530292135747,단기자금,0.3660417485269135,0.4959188242889524,5.0,-0.2166362878951159,0.5185291634792897,11.0
2019-10-23,157450,TIGER 단기통안채,98013,411,0.0002040337478899,단기자금,-0.2058666138491389,0.3920359764904234,4.0,-0.0443437811401155,0.4910676965188641,9.0
2019-10-24,157450,TIGER 단기통안채,98023,4233,0.0002040129351268,단기자금,-0.279491902781956,0.4454970462625959,8.0,-0.223453650664952,0.4422185942782639,18.0
2019-10-25,157450,TIGER 단기통안채,98023,3016,0.0002448105280752,단기자금,0.1390824751470063,0.3868316769784846,5.0,-0.1273411586880684,0.3829911684161525,19.0
2019-10-28,157450,TIGER 단기통안채,98018,3170,0.0003468149165186,단기자금,0.2386332133370766,0.5821822494872243,12.0,-0.1316993609070778,0.231494902725454,10.0
2019-10-29,157450,TIGER 단기통안채,98028,967,0.0002957900931885,단기자금,0.3290054774708551,0.4651796393142931,10.0,-0.0669936817139387,0.3081444310766502,12.0
2019-10-30,157450,TIGER 단기통안채,98033,2094,0.0002447855588734,단기자금,0.0135552648368632,0.5372729495996834,7.0,-0.0923370693165522,0.4642854539529705,13.0
2019-10-31,157450,TIGER 단기통안채,98043,1636,0.0002345634326363,단기자금,-0.1072485413257839,0.28376133378887,7.0,-0.1826499844590823,0.3687524908257506,15.0
2019-11-01,157450,TIGER 단기통안채,98047,699,0.0001937658396879,단기자금,0.1461737110003014,0.7907889757686543,3.0,-0.1726177854256497,0.5263099943616676,18.0
2019-11-04,157450,TIGER 단기통안채,98052,3400,0.0002447381314212,단기자금,0.0327344918035426,0.0654824758244013,6.0,-0.1407778465117399,0.4569415234686363,13.0
2019-11-05,157450,TIGER 단기통안채,98057,3675,0.0001937460810719,단기자금,0.2087972712270129,0.4175708732950871,4.0,-0.1822869556822947,0.3840522653948312,7.0
2019-11-06,157450,TIGER 단기통안채,98057,3881,0.0002447256535678,단기자금,0.026372828435544,0.6709778970467357,9.0,-0.2859297023387626,0.4195748761967166,16.0
2019-11-07,157450,TIGER 단기통안채,98066,1249,0.0002548978638081,단기자금,0.0151183757752733,0.6039666271247172,6.0,-0.266601518727839,0.3497592727296805,8.0
2019-11-08,157450,TIGER 단기통안채,98066,1776,0.0002039234886144,단기자금,0.0011616826130193,0.0018826003229538,5.0,-0.1440891986164976,0.4663200526802059,17.0
2019-11-11,157450,TIGER 단기통안채,98076,981,0.0001937085507996,단기자금,-0.0817340585593531,0.2482187700083955,12.0,0.0328440846254428,0.0795776547675275,6.0
2019-11-12,157450,TIGER 단기통안채,98076,3380,0.0001937085507996,단기자금,0.3997424430941464,0.5472030121867807,5.0,-0.25975092417664,0.3274356595440171,9.0
2019-11-13,157450,TIGER 단기통안채,98081,329,0.0001936986768296,단기자금,-0.2271195167713813,0.4548929686283712,4.0,-0.2227155702188611,0.3816405581867442,10.0
2019-11-14,157450,TIGER 단기통안채,98091,991,0.0001427144286694,단기자금,-0.0190182638598344,0.0654172666047923,6.0,0.0617907729286413,0.2105389273053515,13.0
2019-11-15,157450,TIGER 단기통안채,98086,16210,0.0002446533070976,단기자금,0.0004100347299148,0.6316067933362094,6.0,-0.2233264386080778,0.3558890327507257,13.0
2019-11-18,157450,TIGER 단기통안채,98095,13770,0.0002038632084939,단기자금,-0.2440856412977154,0.3993888250283858,8.0,-0.1959982227534055,0.4320358250052479,10.0
2019-11-19,157450,TIGER 단기통안채,98095,19289,0.0002548225174958,단기자금,-0.0601908538167966,0.1478319611150358,6.0,-0.1157869808375835,0.5292864059514948,8.0
2019-11-20,157450,TIGER 단기통안채,98100,703,0.00020385281897,단기자금,-0.1411605533988525,0.6847637869045705,6.0,-0.1005783160217106,0.4285147008560263,12.0
2019-11-21,157450,TIGER 단기통안채,98105,1283,0.0002955579697321,단기자금,-0.0004027253991807,0.7065523188142369,5.0,-0.4006110606715083,0.3262708304424271,8.0
2019-11-22,157450,TIGER 단기통안채,98110,643,0.0002955429093773,단기자금,0.0574967416469007,0.4364324832251255,4.0,-0.0835484361106699,0.3251847008227155,11.0
2019-11-25,157450,TIGER 단기통안채,98115,783,0.0002445810033897,단기자금,0.3483090299826775,0.4127726896036782,6.0,0.2591213876647608,0.4267909466483668,7.0
2019-11-26,157450,TIGER 단기통안채,98120,6465,0.0002445685415519,단기자금,0.0075305471553292,0.706844909092373,5.0,-0.2068641197222929,0.4461363125584398,13.0
2019-11-27,157450,TIGER 단기통안채,98120,10548,0.0002955127932686,단기자금,-0.107519818254837,0.5948811730076327,9.0,-0.1897260059735604,0.4221773949317911,7.0
2019-11-28,157450,TIGER 단기통안채,98134,2051,0.0002547212599051,단기자금,0.3327481652652043,0.7063076718076227,9.0,-0.0264943006138006,0.1581208977927758,3.0
2019-11-29,157450,TIGER 단기통안채,98139,5783,0.0002547082839807,단기자금,0.1672126309527407,0.4695422260628157,9.0,-0.0248291809111833,0.0535855445909788,6.0
2019-12-02,157450,TIGER 단기통안채,98139,4136,0.0002037718170253,단기자금,0.2427946711977711,0.4674637985813715,8.0,-0.1205788425036839,0.3911045456323587,7.0
2019-12-03,157450,TIGER 단기통안채,98144,1476,0.0002546953093798,단기자금,0.0905859947506542,0.2219818375616481,6.0,0.0204128134581777,0.2855361557190431,9.0
2019-12-04,157450,TIGER 단기통안채,98149,2232,0.0002037510576631,단기자금,0.2984778225509217,0.4258092054558395,4.0,-0.1036824935248919,0.111539955178602,7.0
2019-12-05,157450,TIGER 단기통안채,98159,9622,0.0002444713827856,단기자금,-0.3737819924999712,0.7427117053541892,8.0,-0.0069838707734431,0.4161814753164088,14.0
2019-12-06,157450,TIGER 단기통안채,98164,1907,0.0001426083061559,단기자금,9.774362479220144e-05,0.000150027596661,3.0,-0.1226478354497389,0.4496664168289685,11.0
2019-12-09,157450,TIGER 단기통안채,98159,756,0.0002953953990729,단기자금,0.2485963864546647,0.5002399327429466,4.0,-0.1950932121835649,0.319302269178937,8.0
2019-12-10,157450,TIGER 단기통안채,98169,324,0.0001935250595543,단기자금,0.0945951879963104,0.5687740030197272,10.0,-0.25360044662375,0.3423206461964075,16.0
2019-12-11,157450,TIGER 단기통안채,98169,10631,0.0002342624055202,단기자금,0.2499107410376382,0.4999219478162589,4.0,-0.1357542051884689,0.4212549896427298,19.0
2019-12-12,157450,TIGER 단기통안채,98183,635,0.0001833143234719,단기자금,0.333185511587241,0.5163459794731158,6.0,-0.032617933761615,0.4948521753252175,13.0
2019-12-13,157450,TIGER 단기통안채,98178,24696,0.0002851556154244,단기자금,0.1014859206654364,0.1580426317099805,5.0,0.0240414813160896,0.3630886102694385,13.0
2019-12-16,157450,TIGER 단기통안채,98188,1645,0.0002342170795675,단기자금,0.5714166560755984,0.534001415921572,7.0,0.0334938723180029,0.4109528618158513,9.0
2019-12-17,157450,TIGER 단기통안채,98188,3337,0.0002342170795675,단기자금,0.3406186655796773,0.4734558474853671,5.0,-0.2623713922997315,0.549528084499758,12.0
2019-12-18,157450,TIGER 단기통안채,98192,10007,0.0002952961383488,단기자금,0.1125317689770276,0.9245719110208636,9.0,-0.0307806693017482,0.2231924076634139,7.0
2019-12-19,157450,TIGER 단기통안채,98201,11245,0.0003563483495518,단기자금,0.3066336223134082,0.4782364303824651,6.0,-0.0856490028090775,0.1738137735713765,8.0
2019-12-20,157450,TIGER 단기통안채,98206,854,0.0003054336672736,단기자금,-0.2060657216877319,0.6411532162300119,14.0,-0.1598598354806502,0.3027092884273595,6.0
2019-12-23,157450,TIGER 단기통안채,98211,1376,0.0004072034342801,단기자금,0.0526992488962605,0.5255676788624,16.0,-0.3170306158385106,0.4013200334681775,7.0
2019-12-24,157450,TIGER 단기통안채,98211,159,0.0004072034342801,단기자금,8.425428859482054e-06,3.755102831745873e-05,4.0,-0.0950157735496759,0.3210371123100158,6.0
2019-12-26,157450,TIGER 단기통안채,98221,7257,0.0004071619848406,단기자금,0.4344793297377691,0.4962325430237957,8.0,-0.092747401446104,0.0931986700202674,5.0
2019-12-27,157450,TIGER 단기통안채,98236,4637,0.0003053404060313,단기자금,-0.1617722705006599,0.4482965244340982,5.0,0.071247933145899,0.3191303314882812,13.0
2019-12-30,157450,TIGER 단기통안채,98236,26054,0.0003053404060313,단기자금,-0.2635305687182699,0.5903540230269037,25.0,-0.3009842041541229,0.4025487690908194,11.0
2020-01-02,157450,TIGER 단기통안채,98251,2281,0.0003052937967655,단기자금,0.2972723356606366,0.4399182783291724,8.0,,,
2020-01-03,157450,TIGER 단기통안채,98251,3138,0.0003561670359264,단기자금,-0.0001748454354431,0.0002346397189236,3.0,,,
2020-01-06,157450,TIGER 단기통안채,98261,5741,0.0002543920806186,단기자금,-0.1191215567017761,0.2971021830877048,21.0,,,
2020-01-07,157450,TIGER 단기통안채,98266,2019,0.0002035084870062,단기자금,-0.0810898022716476,0.4333999702592213,15.0,,,
2020-01-08,157450,TIGER 단기통안채,98266,1097,0.0002950737960283,단기자금,-0.000113183974463,0.0002737523225536,4.0,,,
2020-01-09,157450,TIGER 단기통안채,98281,6761,0.0002339954737653,단기자금,0.1924451169201347,0.4052749743527551,10.0,,,
2020-01-10,157450,TIGER 단기통안채,98286,815,0.0001831222346044,단기자금,-0.0001106209726588,0.0001498225388331,7.0,,,
2020-01-13,157450,TIGER 단기통안채,98286,1591,0.0001831222346044,단기자금,0.4282895137647366,0.5128234889322657,14.0,,,
2020-01-14,157450,TIGER 단기통안채,98286,3141,0.000233983571352,단기자금,-0.2007092092696135,0.613730830984313,24.0,,,
2020-01-15,157450,TIGER 단기통안채,98295,1117,0.0003458377445149,단기자금,0.0003991705101119,0.0006661504860118,3.0,,,
2020-01-16,157450,TIGER 단기통안채,98304,1967,0.0002542808189325,단기자금,0.2507995889018275,0.4619294055297143,8.0,,,
2020-01-17,157450,TIGER 단기통안채,98304,279,0.0002542808189325,단기자금,0.1111362922379663,0.3332603191528894,9.0,,,
2020-01-20,157450,TIGER 단기통안채,98304,1748,0.0003051292245928,단기자금,0.5976185603158228,0.5146332782828137,6.0,,,
2020-01-21,157450,TIGER 단기통안채,98309,899,0.0004576356588206,단기자금,0.3124890184603828,0.4630921696052117,8.0,,,
2020-01-22,157450,TIGER 단기통안채,98329,718,0.0002033781111148,단기자금,0.9995709955692292,3.131510844359427e-05,2.0,,,
2020-01-23,157450,TIGER 단기통안채,98329,1212,0.0003050516577793,단기자금,3.106737191653034e-05,3.118227815121146e-05,6.0,,,
2020-01-28,157450,TIGER 단기통안채,98329,1924,0.0003050516577793,단기자금,-0.2007995350431883,0.4456814992414157,5.0,,,
2020-01-29,157450,TIGER 단기통안채,98334,1417,0.0003050361491485,단기자금,5.469207644637208e-05,0.0005617312674109,10.0,,,
2020-01-30,157450,TIGER 단기통안채,98354,850,0.0002033264209355,단기자금,5.8200057537760586e-06,9.884880353993736e-05,5.0,,,
2020-01-31,157450,TIGER 단기통안채,98349,2651,0.0003049896327169,단기자금,0.1652085197650497,0.7505009481614592,6.0,,,
2020-02-03,157450,TIGER 단기통안채,98359,5835,0.0002033160860523,단기자금,0.0614822680363431,0.5738503892143062,10.0,,,
2020-02-04,157450,TIGER 단기통안채,98359,506,0.0002947948401761,단기자금,0.1348252154328458,0.4020899413735575,11.0,,,
2020-02-05,157450,TIGER 단기통안채,98364,549,0.0002439619431466,단기자금,0.5387770610432199,0.4671770092719945,3.0,,,
2020-02-06,157450,TIGER 단기통안채,98374,1457,0.0002439371467399,단기자금,0.1098365913931047,0.6235857810638826,7.0,,,
2020-02-07,157450,TIGER 단기통안채,98379,2133,0.0002439247504248,단기자금,-0.1232402108697507,0.6293024634559989,14.0,,,
2020-02-10,157450,TIGER 단기통안채,98379,2394,0.0002439247504248,단기자금,-0.0485684890798958,0.2855999096375626,14.0,,,
2020-02-11,157450,TIGER 단기통안채,98388,1556,0.0001524459963011,단기자금,-0.0045745212744805,0.0063865705531798,5.0,,,
2020-02-12,157450,TIGER 단기통안채,98388,1812,0.0002540637510417,단기자금,-0.1395917329164149,0.2792319644146466,4.0,,,
2020-02-13,157450,TIGER 단기통안채,98398,563,0.0002540379343098,단기자금,0.4270014804813919,0.5325813525876497,7.0,,,
2020-02-14,157450,TIGER 단기통안채,98403,15258,0.0002032251843644,단기자금,-0.0819085992922434,0.5149655724833895,12.0,,,
2020-02-17,157450,TIGER 단기통안채,98403,5172,0.0002946630447819,단기자금,-0.5250109213161825,0.5040472448642722,15.0,,,
2020-02-18,157450,TIGER 단기통안채,98403,390,0.0004470409015269,단기자금,0.071781069532465,0.6145313989382487,14.0,,,
2020-02-19,157450,TIGER 단기통안채,98413,1085,0.0003454231467863,단기자금,0.3330011733966482,0.5160108666526901,6.0,,,
2020-02-20,157450,TIGER 단기통안채,98423,2596,0.0003453880570702,단기자금,-0.4144352165749296,0.4872936509652431,4.0,,,
2020-02-21,157450,TIGER 단기통안채,98423,1565,0.0003961703584334,단기자금,-0.1663200856637559,0.4081318645610621,6.0,,,
2020-02-24,157450,TIGER 단기통안채,98432,3698,0.0002539501966527,단기자금,0.0011059869706514,0.7042786805616663,5.0,,,
2020-02-25,157450,TIGER 단기통안채,98447,2115,0.0001523546412709,단기자금,0.0005296340626955,0.0010011737715332,5.0,,,
2020-02-26,157450,TIGER 단기통안채,98447,3255,0.0003046860741413,단기자금,0.0194764488548501,0.5471076276703928,13.0,,,
2020-02-27,157450,TIGER 단기통안채,98457,1787,0.0002945014568638,단기자금,0.2961676962899219,0.6433971644782805,10.0,,,
2020-02-28,157450,TIGER 단기통안채,98462,4576,0.0002437191555006,단기자금,0.1770890202403987,0.4860637294248207,9.0,,,
2020-03-02,157450,TIGER 단기통안채,98457,2587,0.0003960335766368,단기자금,0.001662286265855,0.5544855023873477,14.0,,,
2020-03-03,157450,TIGER 단기통안채,98462,1198,0.0003960134696328,단기자금,0.2488858436333127,0.4520492081886829,12.0,,,
2020-03-04,157450,TIGER 단기통안채,98477,1118,0.0002436820367623,단기자금,0.0836870361254114,0.2884645521345889,12.0,,,
2020-03-05,157450,TIGER 단기통안채,98486,492,0.0002030539318216,단기자금,0.1727320031071334,0.4028019814061704,6.0,,,
2020-03-06,157450,TIGER 단기통안채,98486,5062,0.0002538109731027,단기자금,0.2226496482855711,0.4402295541344153,9.0,,,
2020-03-09,157450,TIGER 단기통안채,98496,1429,0.0002030333184652,단기자금,0.2877666961204441,0.5444396628243757,9.0,,,
2020-03-10,157450,TIGER 단기통안채,98501,4405,0.0002030230133556,단기자금,-0.0009028046854207,0.0037454531097642,13.0,,,
2020-03-11,157450,TIGER 단기통안채,98501,708,0.0004060048167335,단기자금,0.0107921425560562,0.0304316474952153,8.0,,,
2020-03-12,157450,TIGER 단기통안채,98506,7539,0.0004059842127901,단기자금,0.0203039623393124,0.6014393089048393,12.0,,,
2020-03-13,157450,TIGER 단기통안채,98511,6913,0.0004465509091495,단기자금,-0.1619186941761654,0.3277055288157637,12.0,,,
2020-03-16,157450,TIGER 단기통안채,98516,3104,0.0003552091458036,단기자금,0.0332061354854972,0.3854846328102431,21.0,,,
2020-03-17,157450,TIGER 단기통안채,98521,15335,0.0003450445547645,단기자금,0.2728104661027001,0.4668788707873874,11.0,,,
2020-03-18,157450,TIGER 단기통안채,98541,465986,0.0002435237904343,단기자금,-0.0394305290326428,0.3800223701287712,16.0,,,
2020-03-19,157450,TIGER 단기통안채,98546,827010,0.0002435114360945,단기자금,-0.1114521458382821,0.3330961029836106,9.0,,,
2020-03-20,157450,TIGER 단기통안채,98555,1158300,0.000152187698454,단기자금,0.2082121624203304,0.5752204412920064,13.0,,,
2020-03-23,157450,TIGER 단기통안채,98551,590876,0.0001927749966643,단기자금,-0.3867560903589557,0.5658430131046077,28.0,,,
2020-03-24,157450,TIGER 단기통안채,98555,707242,0.0002029117847985,단기자금,0.0664219636320708,0.4293363305703532,17.0,,,
2020-03-25,157450,TIGER 단기통안채,98565,597066,0.0001521722592912,단기자금,0.2345898928271288,0.4362256999748547,13.0,,,
2020-03-26,157450,TIGER 단기통안채,98570,852991,0.0002941638919828,단기자금,0.0432405446712357,0.5051617356641419,23.0,,,
2020-03-27,157450,TIGER 단기통안채,98570,1189199,0.0003448730597046,단기자금,0.1034313404020698,0.276958040394201,15.0,,,
2020-03-30,157450,TIGER 단기통안채,98570,1241250,0.0003955796561356,단기자금,-0.0165431186841964,0.4427114439023533,21.0,,,
2020-03-31,157450,TIGER 단기통안채,98575,1016262,0.0004969599339581,단기자금,0.135167535722303,0.5118940970268314,16.0,,,
2020-04-01,157450,TIGER 단기통안채,98580,558956,0.0003955395362904,단기자금,0.1698560282997537,0.3135658128614114,14.0,,,
2020-04-02,157450,TIGER 단기통안채,98599,784129,0.0002535201283198,단기자금,-0.0196868776532171,0.3384415812625733,19.0,,,
2020-04-03,157450,TIGER 단기통안채,98604,633949,0.000202810960598,단기자금,0.0125860343231089,0.3926487084318316,13.0,,,
2020-04-06,157450,TIGER 단기통안채,98609,624038,0.0003041855961161,단기자금,-0.2665306353015088,0.4298647009402057,15.0,,,
2020-04-07,157450,TIGER 단기통안채,98624,629801,0.000152081231949,단기자금,-0.031802002741137,0.0727732393719309,18.0,,,
2020-04-08,157450,TIGER 단기통안채,98619,287758,0.000253468720782,단기자금,0.328366606677567,0.4866186913156951,12.0,,,
2020-04-09,157450,TIGER 단기통안채,98624,427985,0.0002027698366546,단기자금,0.009133568535617,0.3993415977673689,13.0,,,
2020-04-10,157450,TIGER 단기통안채,98624,306131,0.0002027698366546,단기자금,0.4000649425673016,0.5035797080957788,7.0,,,
2020-04-13,157450,TIGER 단기통안채,98639,173814,5.068860470558434e-05,단기자금,0.1084110607136188,0.3938368130688862,13.0,,,
2020-04-14,157450,TIGER 단기통안채,98639,332483,0.0,단기자금,-0.1370852299361205,0.5995733563782522,9.0,,,
2020-04-16,157450,TIGER 단기통안채,98644,215179,5.068603550206774e-05,단기자금,-0.1126332681293812,0.3325507577154718,9.0,,,
2020-04-17,157450,TIGER 단기통안채,98644,401390,0.0001013695020581,단기자금,-0.0419359897148549,0.2214647554897245,9.0,,,
2020-04-20,157450,TIGER 단기통안채,98644,286163,5.068603550206774e-05,단기자금,-0.2845800546976692,0.4455368168561191,23.0,,,
2020-04-21,157450,TIGER 단기통안채,98644,912317,0.0001520503999312,단기자금,-0.0813708784180167,0.5064980186612047,23.0,,,
2020-04-22,157450,TIGER 단기통안채,98639,305487,0.0001520581067637,단기자금,-0.1406874291722094,0.3174755607905195,37.0,,,
2020-04-23,157450,TIGER 단기통안채,98649,537486,0.0001520426938803,단기자금,-0.0926772798914801,0.523992777528139,30.0,,,
2020-04-24,157450,TIGER 단기통안채,98654,550822,0.000152034988611,단기자금,-0.1820354365286488,0.5022644921758369,34.0,,,
2020-04-27,157450,TIGER 단기통안채,98649,514844,0.0002533916485525,단기자금,-0.020962802969301,0.5422474929081519,42.0,,,
2020-04-28,157450,TIGER 단기통안채,98659,827573,0.000192563990117,단기자금,0.0094180458822254,0.5885396937114005,23.0,,,
2020-04-29,157450,TIGER 단기통안채,98654,1085378,0.0002432448879901,단기자금,0.0498358571330081,0.4282378783777074,27.0,,,
2020-05-04,157450,TIGER 단기통안채,98664,655267,0.0001824207234992,단기자금,0.0270705428639404,0.3663538242328495,18.0,,,
2020-05-06,157450,TIGER 단기통안채,98669,667573,9.120989937905222e-05,단기자금,-0.29177419664036,0.433901507967287,13.0,,,
2020-05-07,157450,TIGER 단기통안채,98674,673647,0.0001824022379732,단기자금,-0.032860005457993,0.4362915749270836,13.0,,,
2020-05-08,157450,TIGER 단기통안채,98678,1306897,9.120158089004347e-05,단기자금,-0.1302714465831135,0.5813265792160777,12.0,,,
2020-05-11,157450,TIGER 단기통안채,98678,697998,0.0001925269163631,단기자금,-0.039540029276092,0.3570079918021203,24.0,,,
2020-05-12,157450,TIGER 단기통안채,98682,260723,0.0002026506714685,단기자금,-0.2051776767081967,0.5667426583673228,22.0,,,
2020-05-13,157450,TIGER 단기통안채,98678,305576,0.0001925269163631,단기자금,0.0781289934636263,0.2743878834195323,13.0,,,
2020-05-14,157450,TIGER 단기통안채,98692,233763,0.0001519764540738,단기자금,0.0316398495325529,0.3486143592227772,64.0,,,
2020-05-15,157450,TIGER 단기통안채,98687,6184,0.0002026404051633,단기자금,-0.0566119189064589,0.713588666456188,11.0,,,
2020-05-18,157450,TIGER 단기통안채,98697,224879,0.0001519687555173,단기자금,-0.2529195313847075,0.4355440933084733,14.0,,,
2020-05-19,157450,TIGER 단기통안채,98702,264444,5.06562517514908e-05,단기자금,-0.0648351872146122,0.6129669724636461,16.0,,,
2020-05-20,157450,TIGER 단기통안채,98697,246424,0.0002026198756777,단기자금,-0.1605196279195768,0.3670406458366338,27.0,,,
2020-05-21,157450,TIGER 단기통안채,98707,619993,0.0001013048059874,단기자금,0.0200460498923679,0.5927178510627311,11.0,,,
2020-05-22,157450,TIGER 단기통안채,98707,592700,0.0003545219308946,단기자금,-0.0553458303631487,0.389587965387727,20.0,,,
2020-05-25,157450,TIGER 단기통안채,98712,128834,0.0003038682450675,단기자금,0.0621474791015106,0.3401723957845383,26.0,,,
2020-05-26,157450,TIGER 단기통안채,98707,40235,0.0004051576625165,단기자금,0.0768703364469136,0.4874864550044226,23.0,,,
2020-05-27,157450,TIGER 단기통안채,98717,444112,0.0003038528565291,단기자금,-0.0012995812471166,0.3890484419729966,27.0,,,
2020-05-28,157450,TIGER 단기통안채,98717,556159,0.0003544860243014,단기자금,-0.0205226916574534,0.2370794517098654,38.0,,,
2020-05-29,157450,TIGER 단기통안채,98742,411877,0.0001012688993942,단기자금,-0.3467072106145173,0.6005179860136572,27.0,,,
2020-06-01,157450,TIGER 단기통안채,98742,545503,0.0002025275444381,단기자금,0.1977929121599767,0.4195746728207713,28.0,,,
2020-06-02,157450,TIGER 단기통안채,98747,701517,5.063316777231819e-05,단기자금,-0.0845237675897806,0.260928342553734,20.0,,,
2020-06-03,157450,TIGER 단기통안채,98747,144351,0.0001012637719579,단기자금,-0.0592731918127356,0.2508949126125185,16.0,,,
2020-06-04,157450,TIGER 단기통안채,98752,62696,0.0002025070378124,단기자금,0.1631485087676152,0.3417796493840764,13.0,,,
2020-06-05,157450,TIGER 단기통안채,98752,256534,0.0001518841228325,단기자금,0.1163051308467402,0.4986494287981233,31.0,,,
2020-06-08,157450,TIGER 단기통안채,98762,454627,0.0,단기자금,-0.0174039880659716,0.5800914488568302,19.0,,,
2020-06-09,157450,TIGER 단기통안채,98752,52751,0.0001012586450439,단기자금,0.0152695198645233,0.3449362762003302,15.0,,,
2020-06-10,157450,TIGER 단기통안채,98757,14794,0.0001518764336267,단기자금,0.0712538587266815,0.2392037725325297,19.0,,,
2020-06-11,157450,TIGER 단기통안채,98772,39720,5.062035242886509e-05,단기자금,-0.1366634242056079,0.3247054024961451,32.0,,,
2020-06-12,157450,TIGER 단기통안채,98767,835408,0.0001012432674087,단기자금,-0.0432325667344836,0.4260411134645226,24.0,,,
2020-06-15,157450,TIGER 단기통안채,98762,15510,0.0001012483927684,단기자금,0.0297613022715571,0.4563688941032514,21.0,,,
2020-06-16,157450,TIGER 단기통안채,98762,2617,0.0001518687451973,단기자금,0.123287602673372,0.4274070755059556,28.0,,,
2020-06-17,157450,TIGER 단기통안채,98772,22012,0.0,단기자금,-0.1345124979906402,0.4599498181835969,21.0,,,
2020-06-18,157450,TIGER 단기통안채,98777,4811,9.111017757668094e-05,단기자금,0.0959761127141973,0.3349892397345611,18.0,,,
2020-06-19,157450,TIGER 단기통안채,98777,3088,9.111017757668094e-05,단기자금,0.1143274598367237,0.4758533081812585,21.0,,,
2020-06-22,157450,TIGER 단기통안채,98772,36402,9.111478951240316e-05,단기자금,-0.0207415155219442,0.294024701945514,27.0,,,
2020-06-23,157450,TIGER 단기통안채,98777,33779,9.111017757668094e-05,단기자금,-0.1158372177393175,0.5512456622347254,10.0,,,
2020-06-24,157450,TIGER 단기통안채,98772,44743,9.111478951240316e-05,단기자금,-0.1138649168775979,0.4940345603220351,15.0,,,
2020-06-25,157450,TIGER 단기통안채,98786,40183,5.061317867038895e-05,단기자금,0.0768371124770835,0.4636895007447368,28.0,,,
2020-06-26,157450,TIGER 단기통안채,98786,9594,0.0001518318515767,단기자금,0.0755768395964272,0.4275279220681672,24.0,,,
2020-06-29,157450,TIGER 단기통안채,98781,89030,0.0002024475920698,단기자금,0.2683824479451384,0.4170651163291035,15.0,,,
2020-06-30,157450,TIGER 단기통안채,98786,257995,0.0001518318515767,단기자금,0.0695710418327507,0.4378596699173137,30.0,,,
2020-07-01,157450,TIGER 단기통안채,98781,151434,0.0001012289191635,단기자금,0.0004608882703574,0.0132098748206565,22.0,,,
2020-07-02,157450,TIGER 단기통안채,98791,237170,0.0001012186729063,단기자금,-0.1163668698834097,0.3296057059639903,17.0,,,
2020-07-03,157450,TIGER 단기통안채,98801,182196,0.0,단기자금,-0.0469816636230007,0.4222728343686858,16.0,,,
2020-07-06,157450,TIGER 단기통안채,98801,177282,4.048460067629378e-05,단기자금,-0.004818537592655,0.0182929003797878,14.0,,,
2020-07-07,157450,TIGER 단기통안채,98801,268474,4.048460067629378e-05,단기자금,0.0995749946634734,0.2612283827880897,18.0,,,
2020-07-08,157450,TIGER 단기통안채,98791,208592,0.000192306719688,단기자금,-0.2290463732272959,0.418003949255457,12.0,,,
2020-07-09,157450,TIGER 단기통안채,98801,476803,0.0001416889323078,단기자금,0.1964040137493915,0.5174353700658801,24.0,,,
2020-07-10,157450,TIGER 단기통안채,98801,408397,0.0001416889323078,단기자금,-0.0002693799959326,0.0008966492160399,11.0,,,
2020-07-13,157450,TIGER 단기통안채,98805,296863,0.0,단기자금,0.0610152177050622,0.4425221958254425,16.0,,,
2020-07-14,157450,TIGER 단기통안채,98805,5280,0.0001012043316315,단기자금,-0.0070212643679821,0.5321868492444137,14.0,,,
2020-07-15,157450,TIGER 단기통안채,98810,4556,5.060088552610864e-05,단기자금,-0.0759107681658406,0.5697011461627781,16.0,,,
2020-07-16,157450,TIGER 단기통안채,98815,3523,5.05983252061526e-05,단기자금,0.0339041039060248,0.2705914337622097,20.0,,,
2020-07-17,157450,TIGER 단기통안채,98815,1651,5.05983252061526e-05,단기자금,0.0423834213519433,0.3669937199315863,23.0,,,
2020-07-20,157450,TIGER 단기통안채,98805,107259,0.0002023984219832,단기자금,0.1169155489164404,0.4960809193410514,25.0,,,
2020-07-21,157450,TIGER 단기통안채,98815,140811,5.05983252061526e-05,단기자금,0.0034404379649248,0.3514272833595076,13.0,,,
2020-07-22,157450,TIGER 단기통안채,98815,186866,0.0001011940903516,단기자금,0.1260223451132939,0.5286224787249144,12.0,,,
2020-07-23,157450,TIGER 단기통안채,98820,231065,0.000101188970488,단기자금,-0.0551813141311235,0.51098360282881,23.0,,,
2020-07-24,157450,TIGER 단기통안채,98820,223058,0.000101188970488,단기자금,0.0474742699473555,0.3929965147920546,17.0,,,
2020-07-27,157450,TIGER 단기통안채,98825,2946,0.0001011838511431,단기자금,0.0272493146645729,0.443074050667983,32.0,,,
2020-07-28,157450,TIGER 단기통안채,98820,8856,0.0001517796162886,단기자금,0.3225365420013683,0.4973199388658862,24.0,,,
2020-07-29,157450,TIGER 단기통안채,98825,4351,5.059320534250844e-05,단기자금,0.1027900569267579,0.2751387204887417,22.0,,,
2020-07-30,157450,TIGER 단기통안채,98830,4726,0.0001011787323168,단기자금,-0.0447263360933489,0.3751917079737673,22.0,,,
2020-07-31,157450,TIGER 단기통안채,98830,9331,5.059064580059669e-05,단기자금,0.0034872389782428,0.3417952089068097,17.0,,,
2020-08-03,157450,TIGER 단기통안채,98835,4723,5.058808651625668e-05,단기자금,-0.0805214196336439,0.2714825999699181,36.0,,,
2020-08-04,157450,TIGER 단기통안채,98835,2712,0.0,단기자금,-0.0554594430124031,0.5552875065497535,17.0,,,
2020-08-05,157450,TIGER 단기통안채,98830,4490,5.059064580059669e-05,단기자금,0.1189018042379374,0.4562316752405921,19.0,,,
2020-08-06,157450,TIGER 단기통안채,98840,4480,0.0,단기자금,0.1234289850159685,0.579465183246484,17.0,,,
2020-08-07,157450,TIGER 단기통안채,98835,7992,0.0001011736140075,단기자금,0.08908912305527,0.5341685507598156,11.0,,,
2020-08-10,157450,TIGER 단기통안채,98840,4164,5.058552749126477e-05,단기자금,-0.0057808184026523,0.5831792513786698,18.0,,,
2020-08-11,157450,TIGER 단기통안채,98835,12491,0.0001011736140075,단기자금,0.0412000200940383,0.5477886472797903,24.0,,,
2020-08-12,157450,TIGER 단기통안채,98835,8840,0.0001011736140075,단기자금,0.1319320654249168,0.3492649994316173,15.0,,,
2020-08-13,157450,TIGER 단기통안채,98840,5607,5.058552749126477e-05,단기자금,0.0631131585081069,0.5021778663113391,18.0,,,
2020-08-14,157450,TIGER 단기통안채,98845,4445,0.0,단기자금,-0.1888207600747894,0.5604387613087506,15.0,,,
2020-08-18,157450,TIGER 단기통안채,98845,12197,5.058296872562096e-05,단기자금,0.13892405086699,0.4427760553888493,26.0,,,
2020-08-19,157450,TIGER 단기통안채,98845,3454,5.058296872562096e-05,단기자금,0.0436656435488069,0.1901465595128067,17.0,,,
2020-08-20,157450,TIGER 단기통안채,98845,7653,5.058296872562096e-05,단기자금,-0.1231830182066635,0.5130895694366722,13.0,,,
2020-08-21,157450,TIGER 단기통안채,98845,3609,5.058296872562096e-05,단기자금,-0.0428040208379873,0.2627560230235248,15.0,,,
2020-08-24,157450,TIGER 단기통안채,98845,1820,0.0001011633789431,단기자금,-0.09620614013195,0.2815664694529748,19.0,,,
2020-08-25,157450,TIGER 단기통안채,98850,2291,5.058041021754889e-05,단기자금,-0.0250428682493293,0.3345632064434204,16.0,,,
2020-08-26,157450,TIGER 단기통안채,98850,2411,0.0001011582621881,단기자금,0.084906065928451,0.4717899810667129,21.0,,,
2020-08-27,157450,TIGER 단기통안채,98850,3047,0.0001011582621881,단기자금,-0.0719634970477769,0.3743972310449148,22.0,,,
2020-08-28,157450,TIGER 단기통안채,98850,5678,0.0001011582621881,단기자금,-0.2429563890844595,0.434870906782808,24.0,,,
2020-08-31,157450,TIGER 단기통안채,98855,5161,0.0,단기자금,0.0928183161830106,0.5242191702996692,21.0,,,
2020-09-01,157450,TIGER 단기통안채,98855,1996,5.057785197060127e-05,단기자금,0.1232919746583623,0.3016209820362204,12.0,,,
2020-09-02,157450,TIGER 단기통안채,98860,2560,0.0,단기자금,0.0711814728895205,0.2586611966865593,16.0,,,
2020-09-03,157450,TIGER 단기통안채,98860,1322,5.057529397944904e-05,단기자금,0.1479260450607284,0.3475512041072079,32.0,,,
2020-09-04,157450,TIGER 단기통안채,98860,5350,5.057529397944904e-05,단기자금,0.0109580043650706,0.381382797268421,13.0,,,
2020-09-07,157450,TIGER 단기통안채,98855,1652,0.00010115314595,단기자금,-0.1350922171206548,0.5394262316940738,20.0,,,
2020-09-08,157450,TIGER 단기통안채,98860,1803,0.0,단기자금,0.2368828359783667,0.5388228907740232,26.0,,,
2020-09-09,157450,TIGER 단기통안채,98860,997,5.057529397944904e-05,단기자금,-0.0475374386501657,0.4731300604156684,22.0,,,
2020-09-10,157450,TIGER 단기통안채,98865,1711,5.057273624764491e-05,단기자금,0.0409730553821226,0.3090599965110965,13.0,,,
2020-09-11,157450,TIGER 단기통안채,98865,374,0.0,단기자금,-0.2762789131034383,0.6190486669016866,22.0,,,
2020-09-14,157450,TIGER 단기통안채,98865,2277,5.057273624764491e-05,단기자금,0.128547406128536,0.5314433617958393,13.0,,,
2020-09-15,157450,TIGER 단기통안채,98860,3914,0.000101148030227,단기자금,-0.1090058867794141,0.4452921193479721,24.0,,,
2020-09-16,157450,TIGER 단기통안채,98865,10640,0.0001011429150246,단기자금,0.1240982842727033,0.3235136784054364,9.0,,,
2020-09-17,157450,TIGER 단기통안채,98870,907,5.057017877696524e-05,단기자금,0.0001959014339081,0.6051387948153049,25.0,,,
2020-09-18,157450,TIGER 단기통안채,98865,14497,5.057273624764491e-05,단기자금,0.0207817429537196,0.5776620825183421,30.0,,,
2020-09-21,157450,TIGER 단기통안채,98870,59290,9.102448059117307e-05,단기자금,-0.0096528408781602,0.4960526661181779,23.0,,,
2020-09-22,157450,TIGER 단기통안채,98870,6277,9.102448059117307e-05,단기자금,-0.0109172190970735,0.3972318754244184,19.0,,,
2020-09-23,157450,TIGER 단기통안채,98875,3506,9.101987779303045e-05,단기자금,0.0029791769409391,0.4968039950253913,17.0,,,
2020-09-24,157450,TIGER 단기통안채,98875,24367,9.101987779303045e-05,단기자금,0.1198833975126595,0.6861662778114026,13.0,,,
2020-09-25,157450,TIGER 단기통안채,98870,12562,0.0001921530757993,단기자금,0.446590357420468,0.5244075749332403,9.0,,,
2020-09-28,157450,TIGER 단기통안채,98879,1916,0.0001516890579491,단기자금,-0.1636274399912936,0.5457939077784036,17.0,,,
2020-09-29,157450,TIGER 단기통안채,98879,36900,0.0001516890579491,단기자금,0.0752788100876119,0.5521011040658984,17.0,,,
2020-10-05,157450,TIGER 단기통안채,98884,4253,0.0001011234819703,단기자금,-0.1561497780481738,0.3481709874844186,23.0,,,
2020-10-06,157450,TIGER 단기통안채,98884,1601,0.0001516813884787,단기자금,0.344439867269433,0.447126747372594,11.0,,,
2020-10-07,157450,TIGER 단기통안채,98889,935,0.0001011183692494,단기자금,-0.0208862867425762,0.3424215016796618,19.0,,,
2020-10-08,157450,TIGER 단기통안채,98894,15528,0.0001011132570454,단기자금,0.1596863934025047,0.3997501825006543,12.0,,,
2020-10-12,157450,TIGER 단기통안채,98894,2344,0.0001011132570454,단기자금,0.1243418493264067,0.3007080684434447,18.0,,,
2020-10-13,157450,TIGER 단기통안채,98894,1320,0.0002022162912336,단기자금,-0.0343567969253247,0.3935099912663126,15.0,,,
2020-10-14,157450,TIGER 단기통안채,98899,6081,0.0001516583847251,단기자금,-0.1526083061586784,0.5846747130776059,18.0,,,
2020-10-15,157450,TIGER 단기통안채,98899,13383,0.0001516583847251,단기자금,0.0068982840521665,0.022027969962853,17.0,,,
2020-10-16,157450,TIGER 단기통안채,98904,1481,0.0001516507183563,단기자금,0.1105232732567986,0.3191227981798663,35.0,,,
2020-10-19,157450,TIGER 단기통안채,98904,9606,0.000202195847585,단기자금,-0.058257646548078,0.7343584485795508,21.0,,,
2020-10-20,157450,TIGER 단기통안채,98914,849,5.054768416812294e-05,단기자금,0.193221713744424,0.6829963895131155,25.0,,,
2020-10-21,157450,TIGER 단기통안채,98914,1515,5.054768416812294e-05,단기자금,0.1285013191079217,0.3714223743013274,14.0,,,
2020-10-22,157450,TIGER 단기통안채,98914,1653,0.0001920676083884,단기자금,0.3262252824188181,0.4857528946891997,12.0,,,
2020-10-23,157450,TIGER 단기통안채,98919,1977,0.0001415199242202,단기자금,-0.1023307664555349,0.6720768489480273,11.0,,,
2020-10-26,157450,TIGER 단기통안채,98924,12446,9.097479499153847e-05,단기자금,-0.049592128395221,0.4285187730645527,17.0,,,
2020-10-27,157450,TIGER 단기통안채,98919,1377,0.0001415199242202,단기자금,-0.0340561305658108,0.3671415494828171,24.0,,,
2020-10-28,157450,TIGER 단기통안채,98919,1498,0.0001920579009926,단기자금,-0.0546885775529517,0.6726746055527155,16.0,,,
2020-10-29,157450,TIGER 단기통안채,98933,2170,5.053797677234684e-05,단기자금,0.2379599093409134,0.4220669182769145,14.0,,,
2020-10-30,157450,TIGER 단기통안채,98933,1419,0.0001010733995876,단기자금,0.1351120769332434,0.3510005572285459,15.0,,,
2020-11-02,157450,TIGER 단기통안채,98933,1447,0.0001010733995876,단기자금,0.0661384709375852,0.2556376805917718,15.0,,,
2020-11-03,157450,TIGER 단기통안채,98933,3624,5.053797677234684e-05,단기자금,-0.0001963225986401,0.0006759027817746,7.0,,,
2020-11-04,157450,TIGER 단기통안채,98938,1624,0.0,단기자금,0.1742153288462511,0.4050193946749387,11.0,,,
2020-11-05,157450,TIGER 단기통안채,98938,7453,0.0001010682919311,단기자금,0.1085561755470945,0.3367830272279422,13.0,,,
2020-11-06,157450,TIGER 단기통안채,98943,2318,5.053286911582688e-05,단기자금,0.2481762663810514,0.5937854459106205,35.0,,,
2020-11-09,157450,TIGER 단기통안채,98943,888,0.0001010631847897,단기자금,0.0610541455514577,0.3720712418245277,41.0,,,
2020-11-10,157450,TIGER 단기통안채,98938,14377,0.000151598607605,단기자금,0.1945755998596509,0.3981734801496736,34.0,,,
2020-11-11,157450,TIGER 단기통안채,98938,1140,0.0001010682919311,단기자금,0.1386686913799415,0.350338300803065,22.0,,,
2020-11-12,157450,TIGER 단기통안채,98948,228881,5.053031567392452e-05,단기자금,0.0256369665672867,0.3910346947827058,22.0,,,
2020-11-13,157450,TIGER 단기통안채,98948,359,5.053031567392452e-05,단기자금,0.194626522500638,0.4540149346519589,34.0,,,
2020-11-16,157450,TIGER 단기통안채,98953,5004,5.05277624895939e-05,단기자금,0.0435063653068128,0.2825701242877912,90.0,,,
2020-11-17,157450,TIGER 단기통안채,98953,50249,5.05277624895939e-05,단기자금,0.1433416370109625,0.3799012111316998,22.0,,,
2020-11-18,157450,TIGER 단기통안채,98948,2995,0.0001010580781635,단기자금,-0.1201954394279283,0.6201934369105331,49.0,,,
2020-11-19,157450,TIGER 단기통안채,98953,4915,0.0,단기자금,-0.0461360434268683,0.3862587236161024,69.0,,,
2020-11-20,157450,TIGER 단기통안채,98953,8041,0.0001010529720542,단기자금,0.16135105439389,0.454097107940199,22.0,,,
2020-11-23,157450,TIGER 단기통안채,98958,2412,5.052520956461137e-05,단기자금,0.2411410170974798,0.423383609852183,39.0,,,
2020-11-24,157450,TIGER 단기통안채,98958,5693,0.0,단기자금,0.1716509517395584,0.549695653052436,26.0,,,
2020-11-25,157450,TIGER 단기통안채,98958,10234,5.052520956461137e-05,단기자금,0.2153011240407067,0.497580809236286,28.0,,,
2020-11-26,157450,TIGER 단기통안채,98953,9251,0.0001515756289496,단기자금,0.1937522598369209,0.4741363663074469,28.0,,,
2020-11-27,157450,TIGER 단기통안채,98963,2810,0.0001010427613827,단기자금,0.1815872344967133,0.4419225379031908,34.0,,,
2020-11-30,157450,TIGER 단기통안채,98963,2762,0.0001010427613827,단기자금,0.2257817183493898,0.4115351638801151,40.0,,,
2020-12-01,157450,TIGER 단기통안채,98958,3361,0.0001919822169735,단기자금,0.0683592843359196,0.4051954353620471,38.0,,,
2020-12-02,157450,TIGER 단기통안채,98963,17638,0.0001414570074089,단기자금,-0.060693699548155,0.4889436876325264,33.0,,,
2020-12-03,157450,TIGER 단기통안채,98968,2936,0.0001919628204216,단기자금,0.1302974580332768,0.4588307603229138,37.0,,,
2020-12-04,157450,TIGER 단기통안채,98973,1337,0.0001414427159343,단기자금,0.1229217334518486,0.4849226108099884,29.0,,,
2020-12-07,157450,TIGER 단기통안채,98973,5238,9.092975682456483e-05,단기자금,0.1117803891982916,0.528282186925653,33.0,,,
2020-12-08,157450,TIGER 단기통안채,98977,6829,5.05155107983768e-05,단기자금,0.0872167305074577,0.3552723104490826,36.0,,,
2020-12-09,157450,TIGER 단기통안채,98977,5313,5.05155107983768e-05,단기자금,0.0102450753517283,0.5596069173774785,24.0,,,
2020-12-10,157450,TIGER 단기통안채,98987,8717,5.0510407680448566e-05,단기자금,0.209912903120413,0.4675898751498483,36.0,,,
2020-12-11,157450,TIGER 단기통안채,98987,909,5.0510407680448566e-05,단기자금,0.2196147194245943,0.4074962856257878,19.0,,,
2020-12-14,157450,TIGER 단기통안채,98982,3085,0.0001010233667901,단기자금,0.0821126308511988,0.33421929099511,35.0,,,
2020-12-15,157450,TIGER 단기통안채,98982,2183,0.0001515312232989,단기자금,0.1144431207029204,0.5353704152737694,24.0,,,
2020-12-16,157450,TIGER 단기통안채,98982,4024,0.0001515312232989,단기자금,0.1259914549595383,0.3251288411568773,28.0,,,
2020-12-17,157450,TIGER 단기통안채,98992,2024,5.050785650873024e-05,단기자금,0.2413794989715825,0.4821829871010023,29.0,,,
2020-12-18,157450,TIGER 단기통안채,98992,6481,0.0,단기자금,0.1826644565104477,0.4475268760224958,29.0,,,
2020-12-21,157450,TIGER 단기통안채,98992,5566,0.0,단기자금,-0.058376837169817,0.5320056269479554,44.0,,,
2020-12-22,157450,TIGER 단기통안채,98997,26582,0.0,단기자금,0.1422168246816808,0.418090906577275,36.0,,,
2020-12-23,157450,TIGER 단기통안채,98997,2026,0.000101008060529,단기자금,0.2036497796602659,0.5558889534690448,29.0,,,
2020-12-24,157450,TIGER 단기통안채,98997,3688,0.0001515082650644,단기자금,0.1110766118869763,0.5168090661168021,26.0,,,
2020-12-28,157450,TIGER 단기통안채,98992,20041,0.000252513775969,단기자금,0.1843168777167092,0.5362771327982527,36.0,,,
2020-12-29,157450,TIGER 단기통안채,98992,5501,0.000252513775969,단기자금,0.0282950300600161,0.3100613767428322,27.0,,,
2020-12-30,157450,TIGER 단기통안채,98997,63483,0.0002525010239704,단기자금,0.0824498942002276,0.3494520702400381,39.0,,,
2021-01-04,157450,TIGER 단기통안채,99007,6278,0.0002019855183252,단기자금,0.1444499781362191,0.3555275538665278,21.0,,,
2021-01-05,157450,TIGER 단기통안채,99012,23499,0.0001514853137898,단기자금,-0.0156404513280208,0.3563750570218996,17.0,,,
2021-01-06,157450,TIGER 단기통안채,99017,6660,0.000100987659394,단기자금,0.0833471823637449,0.2801693808026322,23.0,,,
2021-01-07,157450,TIGER 단기통안채,99017,6343,0.0001514776649074,단기자금,0.1917337409110283,0.5078681058189705,18.0,,,
2021-01-08,157450,TIGER 단기통안채,99022,22358,0.0001009825603972,단기자금,-0.0799735133206757,0.2562941208535298,11.0,,,
2021-01-11,157450,TIGER 단기통안채,99027,26919,5.049000551338168e-05,단기자금,0.1876446777331204,0.4917650485787211,26.0,,,
2021-01-12,157450,TIGER 단기통안채,99027,28371,5.049000551338168e-05,단기자금,-0.0279660898697784,0.6029298103493443,16.0,,,
2021-01-13,157450,TIGER 단기통안채,99027,26012,0.0001009774619156,단기자금,0.1012351150733262,0.300792751876448,11.0,,,
2021-01-14,157450,TIGER 단기통안채,99032,20668,5.0487456402237285e-05,단기자금,0.1635889410105543,0.3849998412864145,18.0,,,
2021-01-15,157450,TIGER 단기통안채,99032,2960,5.0487456402237285e-05,단기자금,-0.0848484089050543,0.3783472354519196,20.0,,,
2021-01-18,157450,TIGER 단기통안채,99032,6178,5.0487456402237285e-05,단기자금,-0.0831367228617333,0.2885986624959895,12.0,,,
2021-01-19,157450,TIGER 단기통안채,99032,1180,0.0001009723639509,단기자금,-0.0605354946361937,0.3055704755451778,12.0,,,
2021-01-20,157450,TIGER 단기통안채,99037,27561,0.0,단기자금,-0.1985411475781382,0.5631548051778671,13.0,,,
2021-01-21,157450,TIGER 단기통안채,99037,8872,0.0001009672664977,단기자금,0.0611500456981485,0.2149873423186463,27.0,,,
2021-01-22,157450,TIGER 단기통안채,99037,4530,0.0001009672664977,단기자금,0.1285047274908114,0.3372024375455071,12.0,,,
2021-01-25,157450,TIGER 단기통안채,99037,34969,0.0001009672664977,단기자금,0.1006606390874367,0.3098645107346271,19.0,,,
2021-01-26,157450,TIGER 단기통안채,99042,3112,5.048235894911102e-05,단기자금,-0.0124789171569318,0.2413990186470895,40.0,,,
2021-01-27,157450,TIGER 단기통안채,99037,3219,0.0001514470771084,단기자금,0.0433035513911211,0.4298976834398069,30.0,,,
2021-01-28,157450,TIGER 단기통안채,99047,3988,0.0001009570731387,단기자금,-0.0610755605612212,0.3154603706978751,30.0,,,
2021-01-29,157450,TIGER 단기통안채,99047,3884,0.0001009570731387,단기자금,0.064804213535075,0.3161618128616101,49.0,,,
2021-02-01,157450,TIGER 단기통안채,99047,3388,0.0001514317878417,단기자금,0.0184573497965455,0.3598020347117092,26.0,,,
2021-02-02,157450,TIGER 단기통안채,99047,6462,0.0002019039549754,단기자금,0.0316652674472379,0.4636900496476373,32.0,,,
2021-02-03,157450,TIGER 단기통안채,99052,5117,0.0001514241443647,단기자금,-0.0755758633030927,0.3917997898837932,25.0,,,
2021-02-04,157450,TIGER 단기통안채,99057,619,0.0001009468818367,단기자금,0.0304443513127625,0.516941798431764,25.0,,,
2021-02-05,157450,TIGER 단기통안채,99057,1768,0.0001514165016605,단기자금,0.0487883420680898,0.5208878282246081,18.0,,,
2021-02-08,157450,TIGER 단기통안채,99062,2019,5.047216713371938e-05,단기자금,0.2031640742295297,0.364059304577025,14.0,,,
2021-02-09,157450,TIGER 단기통안채,99067,8354,9.08434817894488e-05,단기자금,0.1050481043432955,0.4700618382215059,25.0,,,
2021-02-10,157450,TIGER 단기통안채,99067,2232,9.08434817894488e-05,단기자금,0.0082883784065415,0.3058092464794812,20.0,,,
2021-02-15,157450,TIGER 단기통안채,99067,2253,9.08434817894488e-05,단기자금,0.066902711795592,0.2638991608613651,24.0,,,
2021-02-16,157450,TIGER 단기통안채,99072,14154,9.083889727712346e-05,단기자금,0.1818768820142803,0.484234918746089,29.0,,,
2021-02-17,157450,TIGER 단기통안채,99067,7174,0.0001413085171009,단기자금,0.0584602203628795,0.3838161941959218,21.0,,,
2021-02-18,157450,TIGER 단기통안채,99076,3600,5.0465035311475503e-05,단기자금,0.0008048800054893,0.3531703782669164,16.0,,,
2021-02-19,157450,TIGER 단기통안채,99076,4141,0.0001009275240306,단기자금,-0.0368750906031785,0.3114533995505319,43.0,,,
2021-02-22,157450,TIGER 단기통안채,99076,7498,0.0001009275240306,단기자금,0.0741311636263092,0.2775347011203717,39.0,,,
2021-02-23,157450,TIGER 단기통안채,99081,4358,0.0,단기자금,0.0744063644013294,0.4910402226896347,40.0,,,
2021-02-24,157450,TIGER 단기통안채,99081,4820,5.046248871920511e-05,단기자금,-0.1686764175258129,0.4942029845984395,26.0,,,
2021-02-25,157450,TIGER 단기통안채,99081,1080,5.046248871920511e-05,단기자금,-0.0605828079471551,0.6301468250150335,23.0,,,
2021-02-26,157450,TIGER 단기통안채,99086,2887,0.0001009173386936,단기자금,0.0098996703456214,0.4603558702701975,25.0,,,
2021-03-02,157450,TIGER 단기통안채,99086,1075,5.045994238628282e-05,단기자금,0.1502341682653423,0.354991926408149,40.0,,,
2021-03-03,157450,TIGER 단기통안채,99081,18966,0.0001513798274128,단기자금,-0.1293284614702038,0.5515443121659915,23.0,,,
2021-03-04,157450,TIGER 단기통안채,99086,927,0.0001513721891814,단기자금,0.0871955657546451,0.4065251655728924,23.0,,,
2021-03-05,157450,TIGER 단기통안채,99086,5416,0.0001513721891814,단기자금,-0.0347471173964035,0.4754692871718129,46.0,,,
2021-03-08,157450,TIGER 단기통안채,99096,3277,5.045485048782439e-05,단기자금,0.0632106830106005,0.4676043725173229,33.0,,,
2021-03-09,157450,TIGER 단기통안채,99091,1144,0.0001513645517192,단기자금,-0.0012358627859198,0.4272855255635309,33.0,,,
2021-03-10,157450,TIGER 단기통안채,99096,6272,5.045485048782439e-05,단기자금,-0.0934991928801126,0.3649151689375634,31.0,,,
2021-03-11,157450,TIGER 단기통안채,99101,1713,5.0452304924064606e-05,단기자금,-0.1161997837764494,0.536319312005973,38.0,,,
2021-03-12,157450,TIGER 단기통안채,99101,1320,5.0452304924064606e-05,단기자금,0.0575468930082107,0.2127388359917327,22.0,,,
2021-03-15,157450,TIGER 단기통안채,99101,1363,0.0001009020645419,단기자금,0.1171614707362399,0.3337528982814631,24.0,,,
2021-03-16,157450,TIGER 단기통안채,99106,51768,0.0,단기자금,0.0930241928163013,0.4548254966673181,20.0,,,
2021-03-17,157450,TIGER 단기통안채,99101,1089,5.0452304924064606e-05,단기자금,0.0733655108843231,0.4863072939948257,25.0,,,
2021-03-18,157450,TIGER 단기통안채,99106,1662,0.0001008969741853,단기자금,0.1124578583429764,0.2881110297704589,36.0,,,
2021-03-19,157450,TIGER 단기통안채,99106,1344,5.0449759617876566e-05,단기자금,-0.0483951573092221,0.3483064786199379,26.0,,,
2021-03-22,157450,TIGER 단기통안채,99111,1845,0.0001008918843421,단기자금,0.0010008569076308,0.4106846784470939,25.0,,,
2021-03-23,157450,TIGER 단기통안채,99106,3191,0.0001008969741853,단기자금,0.0444149375482811,0.3544463916666967,25.0,,,
2021-03-24,157450,TIGER 단기통안채,99106,2235,0.00015134164396,단기자금,0.1412940506248756,0.466182995700554,37.0,,,
2021-03-25,157450,TIGER 단기통안채,99116,1983,5.0444669774663e-05,단기자금,0.096444504851336,0.4990282200498515,28.0,,,
2021-03-26,157450,TIGER 단기통안채,99111,4787,0.0002017735905397,단기자금,0.1502751806579908,0.3649518464413523,20.0,,,
2021-03-29,157450,TIGER 단기통안채,99121,2842,0.0001008817061975,단기자금,0.2155156967698227,0.3954719637454459,24.0,,,
2021-03-30,157450,TIGER 단기통안채,99116,1053,0.0002017634129085,단기자금,0.104546441973248,0.4024427345264343,41.0,,,
2021-03-31,157450,TIGER 단기통안채,99121,2479,0.0001513187431338,단기자금,0.0152508559848582,0.5353591845644553,18.0,,,
2021-04-01,157450,TIGER 단기통안채,99121,4356,0.0001513187431338,단기자금,-0.0393357308073334,0.3444809747546042,37.0,,,
2021-04-02,157450,TIGER 단기통안채,99131,13481,5.043703693630164e-05,단기자금,0.0033166961523238,0.2697914121179849,25.0,,,
2021-04-05,157450,TIGER 단기통안채,99131,11534,0.0001513034797646,단기자금,0.0423825238165725,0.1928684039538943,27.0,,,
2021-04-06,157450,TIGER 단기통안채,99136,11884,5.043449316843862e-05,단기자금,0.2709343546735504,0.5739599596429961,18.0,,,
2021-04-07,157450,TIGER 단기통안채,99136,5678,5.043449316843862e-05,단기자금,0.098610667809493,0.3035033850319021,17.0,,,
2021-04-08,157450,TIGER 단기통안채,99136,10201,0.0001008664428283,단기자금,0.1719209575519926,0.3614570768575086,20.0,,,
2021-04-09,157450,TIGER 단기통안채,99136,7477,0.0001008664428283,단기자금,0.1321655535539321,0.2983949823099586,15.0,,,
2021-04-12,157450,TIGER 단기통안채,99146,2372,0.0,단기자금,0.0111384095848321,0.4121317629256172,22.0,,,
2021-04-13,157450,TIGER 단기통안채,99141,4116,5.04319496599237e-05,단기자금,-0.0169889323410376,0.3609553217898028,17.0,,,
2021-04-14,157450,TIGER 단기통안채,99141,6029,0.0001512882194756,단기자금,0.2308589700041921,0.4241279149371896,12.0,,,
2021-04-15,157450,TIGER 단기통안채,99146,80272,0.0001008562698157,단기자금,0.1033861253651523,0.4875479710821013,26.0,,,
2021-04-16,157450,TIGER 단기통안채,99146,2711,0.0001512805904848,단기자금,-0.0297161441945611,0.4504729742335932,17.0,,,
2021-04-19,157450,TIGER 단기통안채,99146,2768,0.0001512805904848,단기자금,0.1044919462307337,0.5431950384720796,22.0,,,
2021-04-20,157450,TIGER 단기통안채,99146,5451,0.0001512805904848,단기자금,0.1286398216285114,0.501054025867929,19.0,,,
2021-04-21,157450,TIGER 단기통안채,99156,2591,5.042432066915126e-05,단기자금,0.0357046430664114,0.3535205852666377,36.0,,,
2021-04-22,157450,TIGER 단기통안채,99156,1114,0.0001008460988529,단기자금,0.000391997684677,0.0025424538971734,11.0,,,
2021-04-23,157450,TIGER 단기통안채,99161,636,9.075737031594144e-05,단기자금,0.030918593510978,0.2612168057001757,20.0,,,
2021-04-26,157450,TIGER 단기통안채,99161,6756,9.075737031594144e-05,단기자금,0.0463783375234925,0.5138298952906993,34.0,,,
2021-04-27,157450,TIGER 단기통안채,99161,15285,0.0001915892332711,단기자금,0.125504582174597,0.4594878163614868,29.0,,,
2021-04-28,157450,TIGER 단기통안채,99161,1956,0.0001411745726773,단기자금,0.1494240253840481,0.3445503995272803,21.0,,,
2021-04-29,157450,TIGER 단기통안채,99166,1296,0.0001411674550872,단기자금,0.1177147500335801,0.4723571989413856,24.0,,,
2021-04-30,157450,TIGER 단기통안채,99170,1605,0.0001008318629551,단기자금,0.2104196777177361,0.5226217767529773,17.0,,,
2021-05-03,157450,TIGER 단기통안채,99170,4635,0.0001008318629551,단기자금,-0.0068690563778615,0.3814589394283564,26.0,,,
2021-05-04,157450,TIGER 단기통안채,99180,14245,5.041211908363152e-05,단기자금,0.0665030123203905,0.284242382379771,20.0,,,
2021-05-06,157450,TIGER 단기통안채,99175,5203,0.000201643394341,단기자금,-0.0277596677210217,0.2627234203246103,26.0,,,
2021-05-07,157450,TIGER 단기통안채,99180,1474,0.0001008216969147,단기자금,0.1767206741017369,0.3750812008321721,11.0,,,
2021-05-10,157450,TIGER 단기통안채,99180,12491,0.0001008216969147,단기자금,0.044411457273152,0.4275582409287589,26.0,,,
2021-05-11,157450,TIGER 단기통안채,99180,2841,0.0001512287337472,단기자금,0.0390233433558933,0.5454042582291733,24.0,,,
2021-05-12,157450,TIGER 단기통안채,99185,7521,0.0001512211107552,단기자금,0.0817500578329624,0.3566574113939902,37.0,,,
2021-05-13,157450,TIGER 단기통안채,99195,9180,0.000100806451698,단기자금,0.0505525828549042,0.5495416019437658,26.0,,,
2021-05-14,157450,TIGER 단기통안채,99190,1758,0.0001008115329241,단기자금,0.11484055402695,0.4526775505929744,23.0,,,
2021-05-17,157450,TIGER 단기통안채,99190,5309,0.0001512134885306,단기자금,0.1385913628764683,0.4292620253018074,20.0,,,
2021-05-18,157450,TIGER 단기통안채,99195,1568,5.040449609161613e-05,단기자금,0.0556493265601816,0.39329829901915,17.0,,,
2021-05-20,157450,TIGER 단기통안채,99200,2169,5.040195560646055e-05,단기자금,0.0563366124820782,0.4726640972353019,18.0,,,
2021-05-21,157450,TIGER 단기통안채,99205,2199,-5.040195560646055e-05,단기자금,0.008078434305086,0.3412122704900795,18.0,,,
2021-05-24,157450,TIGER 단기통안채,99200,3788,5.040195560646055e-05,단기자금,0.0194812212952716,0.4326791217675843,28.0,,,
2021-05-25,157450,TIGER 단기통안채,99205,4438,5.0399415377100354e-05,단기자금,0.0322439005834288,0.2760895046729993,30.0,,,
2021-05-26,157450,TIGER 단기통안채,99200,2206,0.0001008013709835,단기자금,-0.0636190266859557,0.2763523661575915,24.0,,,
2021-05-27,157450,TIGER 단기통안채,99205,1632,0.0001007962907824,단기자금,0.0385885017885112,0.3443355046509253,26.0,,,
2021-05-28,157450,TIGER 단기통안채,99200,14299,0.0001511982463888,단기자금,0.1856358903265313,0.4000708114856912,28.0,,,
2021-05-31,157450,TIGER 단기통안채,99205,1594,0.0001511906264699,단기자금,0.0413636869412915,0.3916728653526726,22.0,,,
2021-06-01,157450,TIGER 단기통안채,99210,40962,0.0001007912110928,단기자금,0.084948874861584,0.2779750120837083,45.0,,,
2021-06-02,157450,TIGER 단기통안채,99210,39621,0.0001007912110928,단기자금,0.0843395224633241,0.2493778209431459,16.0,,,
2021-06-03,157450,TIGER 단기통안채,99215,8916,5.039433568754248e-05,단기자금,-0.0093812624620893,0.4501141816207263,28.0,,,
2021-06-04,157450,TIGER 단기통안채,99215,4012,-5.03968754053119e-05,단기자금,0.0642556412807607,0.4491278472793909,15.0,,,
2021-06-07,157450,TIGER 단기통안채,99220,881,0.0,단기자금,0.1274779081399578,0.359916612151435,18.0,,,
2021-06-08,157450,TIGER 단기통안채,99220,2631,-0.0001007912110928,단기자금,0.0436242806684711,0.366163592590947,23.0,,,
2021-06-09,157450,TIGER 단기통안채,99220,1016,-0.0001511906264699,단기자금,0.1455207396052823,0.5222862705499101,14.0,,,
2021-06-10,157450,TIGER 단기통안채,99220,1513,-0.0001511906264699,단기자금,-0.0062841440993561,0.538953856907981,29.0,,,
2021-06-11,157450,TIGER 단기통안채,99210,7932,-5.0399415377100354e-05,단기자금,0.006902925977738,0.4420252312585591,20.0,,,
2021-06-14,157450,TIGER 단기통안채,99220,1812,-0.0001511906264699,단기자금,0.1490489021489338,0.4765960279008125,36.0,,,
2021-06-15,157450,TIGER 단기통안채,99210,3747,-5.0399415377100354e-05,단기자금,0.0242412928369909,0.3551160130100886,37.0,,,
2021-06-16,157450,TIGER 단기통안채,99205,1590,0.0,단기자금,-0.1459005266275529,0.4748398903063624,22.0,,,
2021-06-17,157450,TIGER 단기통안채,99205,560,0.0,단기자금,-0.0086644951297785,0.252938879598565,23.0,,,
2021-06-18,157450,TIGER 단기통안채,99205,1210,-0.0002016230663617,단기자금,0.1316099504064451,0.3400771743219783,22.0,,,
2021-06-21,157450,TIGER 단기통안채,99205,92249,-0.0003024498460391,단기자금,0.0881414653805881,0.3491788757321527,29.0,,,
2021-06-22,157450,TIGER 단기통안채,99205,1577,-0.0003528670484005,단기자금,0.0797996915169642,0.5135577651451333,25.0,,,
2021-06-23,157450,TIGER 단기통안채,99205,4987,-0.0003932026405326,단기자금,0.1994695905589088,0.3451534480120971,21.0,,,
2021-06-24,157450,TIGER 단기통안채,99205,953,-0.0003528670484005,단기자금,-0.0680775649660198,0.3500430703596645,27.0,,,
2021-06-25,157450,TIGER 단기통안채,99185,4107,-0.0001008267796773,단기자금,0.0961109317325151,0.2583591624794584,28.0,,,
2021-06-28,157450,TIGER 단기통안채,99175,69283,5.0414660593745e-05,단기자금,-0.0256880713352901,0.2631213885632126,55.0,,,
2021-06-29,157450,TIGER 단기통안채,99170,681,0.0002016535598698,단기자금,0.1649176621305438,0.3382203400891789,24.0,,,
2021-06-30,157450,TIGER 단기통안채,99166,3297,0.0002923961888345,단기자금,0.0095199291405579,0.2042657355161835,51.0,,,
2021-07-01,157450,TIGER 단기통안채,99170,1078,0.0004032664637776,단기자금,0.0981643390356718,0.1725660945159775,3.0,,,
2021-07-02,157450,TIGER 단기통안채,99175,2790,0.0004032461368215,단기자금,-0.0185460806678747,0.3359981899864491,20.0,,,
2021-07-05,157450,TIGER 단기통안채,99180,11748,0.0003528314762277,단기자금,-0.1413948810622969,0.3595541571942981,14.0,,,
2021-07-06,157450,TIGER 단기통안채,99190,1051,0.0002016129039077,단기자금,0.0583234709945827,0.1853820394325949,10.0,,,
2021-07-07,157450,TIGER 단기통안채,99195,1468,0.0002016027424804,단기자금,-0.0751634826304904,0.6588668086901796,11.0,,,
2021-07-08,157450,TIGER 단기통안채,99210,2045,5.03968754053119e-05,단기자금,-0.076906743716222,0.4062027828550213,16.0,,,
2021-07-09,157450,TIGER 단기통안채,99215,2720,0.0,단기자금,-0.0002049175955107,0.0009354286199591,20.0,,,
2021-07-12,157450,TIGER 단기통안채,99215,6635,0.0,단기자금,0.1052439230160626,0.4389818247785226,13.0,,,
2021-07-13,157450,TIGER 단기통안채,99210,5095,0.0001007912110928,단기자금,0.2011336709935373,0.4012633039192649,9.0,,,
2021-07-14,157450,TIGER 단기통안채,99215,4378,0.0,단기자금,0.1451598885849727,0.3846283069243313,13.0,,,
2021-07-15,157450,TIGER 단기통안채,99215,4440,5.039433568754248e-05,단기자금,-0.0420582041762307,0.4999281883669716,14.0,,,
2021-07-16,157450,TIGER 단기통안채,99215,2860,5.039433568754248e-05,단기자금,0.0277495974082234,0.0770720646222661,9.0,,,
2021-07-19,157450,TIGER 단기통안채,99215,7970,0.0001007861319131,단기자금,0.113107974556442,0.5325288378389442,20.0,,,
2021-07-20,157450,TIGER 단기통안채,99220,2942,5.039179622556844e-05,단기자금,-0.0727174579087124,0.2617919308544707,17.0,,,
2021-07-21,157450,TIGER 단기통안채,99215,1271,0.0001007861319131,단기자금,0.0583132137286996,0.4686767934456518,13.0,,,
2021-07-22,157450,TIGER 단기통안채,99220,3047,0.0001007810532467,단기자금,0.2108749184466992,0.4092897998084097,13.0,,,
2021-07-23,157450,TIGER 단기통안채,99220,8216,0.0001511677713175,단기자금,0.2426175248235975,0.3799732948346737,9.0,,,
2021-07-26,157450,TIGER 단기통안채,99225,2689,5.038925702116615e-05,단기자금,-0.0726076985030466,0.2628570419696595,13.0,,,
2021-07-27,157450,TIGER 단기통안채,99225,2263,0.0001007759750919,단기자금,8.187342528900545e-05,0.0001845193580154,9.0,,,
2021-07-28,157450,TIGER 단기통안채,99225,1460,0.0001007759750919,단기자금,0.1253013003270098,0.3533578115658361,8.0,,,
2021-07-29,157450,TIGER 단기통안채,99230,2608,0.0001007708974505,단기자금,0.0176819817256314,0.230931375729901,11.0,,,
2021-07-30,157450,TIGER 단기통안채,99235,12787,5.038417937974771e-05,단기자금,-0.1389532268707019,0.3309305809893196,12.0,,,
2021-08-02,157450,TIGER 단기통안채,99230,1554,0.0001007708974505,단기자금,0.1615398517551511,0.5153862091037067,18.0,,,
2021-08-03,157450,TIGER 단기통안채,99235,1208,5.038417937974771e-05,단기자금,0.1333277761758919,0.3189772806821786,11.0,,,
2021-08-04,157450,TIGER 단기통안채,99235,915,5.038417937974771e-05,단기자금,0.0487978721321269,0.5917480368636711,7.0,,,
2021-08-05,157450,TIGER 단기통안채,99240,681,0.0001007607436989,단기자금,0.0002560698920003,0.3522790638941718,18.0,,,
2021-08-06,157450,TIGER 단기통안채,99240,1330,5.038164094095521e-05,단기자금,-0.2471644611932788,0.4945505624414635,4.0,,,
2021-08-09,157450,TIGER 단기통안채,99240,3022,0.0001511373085314,단기자금,0.3312328954189769,0.5431962778040665,13.0,,,
2021-08-10,157450,TIGER 단기통안채,99240,1360,0.0001007607436989,단기자금,0.0574262650523451,0.4383696213651715,20.0,,,
2021-08-11,157450,TIGER 단기통안채,99240,4661,0.0001511373085314,단기자금,0.1375659915699673,0.359366896719601,7.0,,,
2021-08-12,157450,TIGER 단기통안채,99250,674,0.0001007505919954,단기자금,0.3649820338191189,0.4513944619335165,11.0,,,
2021-08-13,157450,TIGER 단기통안채,99245,3224,0.0001007556675904,단기자금,0.0726167095999699,0.3655750879087501,9.0,,,
2021-08-17,157450,TIGER 단기통안채,99255,3408,0.0,단기자금,0.0528804538575619,0.6321888780751846,13.0,,,
2021-08-18,157450,TIGER 단기통안채,99250,1220,-5.0379102757958094e-05,단기자금,-0.0364568714298498,0.3674750664699854,11.0,,,
2021-08-19,157450,TIGER 단기통안채,99255,996,0.0,단기자금,-0.0655320949914312,0.4846152569463422,10.0,,,
2021-08-20,157450,TIGER 단기통안채,99260,3871,-0.0001007505919954,단기자금,-0.0074374505893501,0.395711985811173,12.0,,,
2021-08-23,157450,TIGER 단기통안채,99255,1708,0.0,단기자금,-0.0868518107708951,0.2815970867848819,9.0,,,
2021-08-24,157450,TIGER 단기통안채,99255,4020,5.0374027162902735e-05,단기자금,0.1305916858251294,0.3290788252923459,20.0,,,
2021-08-25,157450,TIGER 단기통안채,99245,15604,0.0002015011845006,단기자금,0.0671213835815554,0.2975346550996051,12.0,,,
2021-08-26,157450,TIGER 단기통안채,99255,14964,0.0001410408819406,단기자금,0.0243508329639596,0.1181754876474191,21.0,,,
2021-08-27,157450,TIGER 단기통안채,99250,4081,0.0002417843698179,단기자금,-0.0878578637386908,0.3813792332327594,16.0,,,
2021-08-30,157450,TIGER 단기통안채,99255,1938,0.0001914078049853,단기자금,0.2315438130251343,0.5159819030612821,22.0,,,
2021-08-31,157450,TIGER 단기통안채,99260,6347,0.0001410337778224,단기자금,0.0171465612544125,0.0560098134541076,10.0,,,
2021-09-01,157450,TIGER 단기통안채,99265,1594,0.0001410266744219,단기자금,0.1984674588711641,0.5381522099771031,16.0,,,
2021-09-02,157450,TIGER 단기통안채,99269,5242,0.0001007313093914,단기자금,-0.1315549012146625,0.3311072165091984,9.0,,,
2021-09-03,157450,TIGER 단기통안채,99274,6557,0.0001007262362477,단기자금,-0.0385450434184479,0.4885845380511603,14.0,,,
2021-09-06,157450,TIGER 단기통안채,99274,1859,0.0001510855499624,단기자금,-0.0444688447389446,0.4380188656593894,17.0,,,
2021-09-07,157450,TIGER 단기통안채,99274,1815,0.0001510855499624,단기자금,0.0432599652138798,0.5138218027198163,13.0,,,
2021-09-08,157450,TIGER 단기통안채,99279,637,0.0002014321835002,단기자금,-0.2069229091587961,0.3970110510243285,12.0,,,
2021-09-09,157450,TIGER 단기통안채,99279,607,0.0002014321835002,단기자금,-0.1424047392010834,0.3614262415035878,14.0,,,
2021-09-10,157450,TIGER 단기통안채,99284,7979,0.0002014220402806,단기자금,0.421413713597888,0.5020560762717828,14.0,,,
2021-09-13,157450,TIGER 단기통안채,99289,1875,0.0002014118980824,단기자금,0.327739184539799,0.8106196481091154,6.0,,,
2021-09-14,157450,TIGER 단기통안채,99289,1558,0.0002014118980824,단기자금,0.0641373094934221,0.3053156883051953,14.0,,,
2021-09-15,157450,TIGER 단기통안채,99299,486,0.0001510475147998,단기자금,0.205419946654365,0.5823762968834082,20.0,,,
2021-09-16,157450,TIGER 단기통안채,99299,7662,0.0002013916167484,단기자금,0.2803176948222244,0.6530961822821805,10.0,,,
2021-09-17,157450,TIGER 단기통안채,99304,2385,0.000151039910067,단기자금,-0.0345937671772844,0.1038959037805958,9.0,,,
2021-09-23,157450,TIGER 단기통안채,99309,11102,0.0001510323060962,단기자금,0.0158217987441275,0.3743671960249739,16.0,,,
2021-09-24,157450,TIGER 단기통안채,99309,1342,0.0002013713394966,단기자금,0.0904427822206344,0.3209667233679995,10.0,,,
2021-09-27,157450,TIGER 단기통안채,99314,2563,0.0002013612024054,단기자금,0.1547851782932411,0.6634923337576032,10.0,,,
2021-09-28,157450,TIGER 단기통안채,99319,4142,0.0001510171004568,단기자금,0.1232022620855647,0.5025811391770004,13.0,,,
2021-09-29,157450,TIGER 단기통안채,99319,3095,0.0002516824988241,단기자금,0.0132248204843982,0.14243084110674,13.0,,,
2021-09-30,157450,TIGER 단기통안채,99324,7692,0.0001510094987846,단기자금,0.0760945573107771,0.6419089657524086,12.0,,,
2021-10-01,157450,TIGER 단기통안채,99329,3012,0.000151001897878,단기자금,-0.0353428319227128,0.3302175736627161,18.0,,,
2021-10-05,157450,TIGER 단기통안채,99334,1277,0.0001006653983672,단기자금,-0.0783394856617734,0.7641129344842267,9.0,,,
2021-10-06,157450,TIGER 단기통안채,99334,14041,0.0002013206642317,단기자금,-0.4193066400564151,0.523394956309035,7.0,,,
2021-10-07,157450,TIGER 단기통안채,99344,695,0.0001006552658644,단기자금,0.1118018661130311,0.7939412085227324,12.0,,,
2021-10-08,157450,TIGER 단기통안채,99339,2409,0.0002013105322404,단기자금,-0.1810410639951442,0.7684008244027759,10.0,,,
2021-10-12,157450,TIGER 단기통안채,99344,3691,0.0001006552658644,단기자금,-0.0899506564283828,0.2907502084351408,11.0,,,
2021-10-13,157450,TIGER 단기통안채,99344,624,0.0001509790997467,단기자금,-0.0002771666750049,0.0005854055712162,4.0,,,
2021-10-14,157450,TIGER 단기통안채,99354,2104,0.0001006451354026,단기자금,-0.0029979959584703,0.0072974162232172,11.0,,,
2021-10-15,157450,TIGER 단기통안채,99354,30768,0.0001006451354026,단기자금,-0.1081228560883573,0.4659140338565559,8.0,,,
2021-10-18,157450,TIGER 단기통안채,99359,19879,0.0,단기자금,0.1341419171033468,0.3697075316438889,17.0,,,
2021-10-19,157450,TIGER 단기통안채,99354,9170,5.0323833882259805e-05,단기자금,0.2290194912820879,0.4352572358425129,13.0,,,
2021-10-20,157450,TIGER 단기통안채,99359,3076,0.0,단기자금,-0.0753488934500031,0.2918591200344296,12.0,,,
2021-10-21,157450,TIGER 단기통안채,99364,1627,-5.032130152038405e-05,단기자금,-0.1665810151268184,0.4080304569324592,6.0,,,
2021-10-22,157450,TIGER 단기통안채,99364,1577,-5.032130152038405e-05,단기자금,0.1378926548125438,0.4669103581142848,17.0,,,
2021-10-25,157450,TIGER 단기통안채,99359,3242,0.0,단기자금,0.0712454575990098,0.4804218115550676,12.0,,,
2021-10-26,157450,TIGER 단기통안채,99359,2815,0.0001408932635218,단기자금,-0.0111175285472365,0.4246292514969343,11.0,,,
2021-10-27,157450,TIGER 단기통안채,99359,30870,5.032130152038405e-05,단기자금,0.2940780578780201,0.4766433216163593,12.0,,,
2021-10-28,157450,TIGER 단기통안채,99359,2164,0.0001912074757886,단기자금,0.0874894007885648,0.5219419724523011,11.0,,,
2021-10-29,157450,TIGER 단기통안채,99359,2441,0.0001912074757886,단기자금,-0.0205334827684661,0.2502523956860283,48.0,,,
2021-11-01,157450,TIGER 단기통안채,99359,3223,0.0002415191566615,단기자금,0.1191943545688575,0.3415211783640924,21.0,,,
2021-11-02,157450,TIGER 단기통안채,99373,4414,0.0001006258931397,단기자금,0.1808956679927481,0.5435432208717788,12.0,,,
2021-11-03,157450,TIGER 단기통안채,99364,1459,0.000241507004878,단기자금,0.0017721997097396,0.0095190943755149,10.0,,,
2021-11-04,157450,TIGER 단기통안채,99378,1274,0.0001509274494608,단기자금,0.0229442749018744,0.4868501861725656,8.0,,,
2021-11-05,157450,TIGER 단기통안채,99378,2180,0.0001509274494608,단기자금,0.2222788172524209,0.4407458319924116,9.0,,,
2021-11-08,157450,TIGER 단기통안채,99383,1123,0.0002012214146613,단기자금,-0.1140913427083837,0.3113074724626523,18.0,,,
2021-11-09,157450,TIGER 단기통안채,99383,2533,0.0002012214146613,단기자금,0.1427365557610755,0.3779422669064424,7.0,,,
2021-11-10,157450,TIGER 단기통안채,99388,862,0.000201211292655,단기자금,0.4926587437673463,0.4668530634197413,7.0,,,
2021-11-11,157450,TIGER 단기통안채,99393,3052,0.0002012011716701,단기자금,-0.1397833740563576,0.353903722740669,11.0,,,
2021-11-12,157450,TIGER 단기통안채,99393,1288,0.0002012011716701,단기자금,0.0434376003239594,0.3153322587606089,25.0,,,
2021-11-15,157450,TIGER 단기통안채,99403,1756,0.0001005955255966,단기자금,0.1301771253413542,0.6867392779085639,11.0,,,
2021-11-16,157450,TIGER 단기통안채,99403,1153,0.0001005955255966,단기자금,-0.0476493375852961,0.335724940774062,21.0,,,
2021-11-17,157450,TIGER 단기통안채,99408,5670,5.029649786614243e-05,단기자금,0.0670859029532948,0.311376263579755,12.0,,,
2021-11-18,157450,TIGER 단기통안채,99413,5364,-5.029649786614243e-05,단기자금,0.0964925650163918,0.5033407388261698,11.0,,,
2021-11-19,157450,TIGER 단기통안채,99413,10273,-0.0001005955255966,단기자금,0.0996691845768509,0.3162075034867432,10.0,,,
2021-11-22,157450,TIGER 단기통안채,99413,6988,-0.0001005955255966,단기자금,0.0288226931023183,0.3783004265560564,11.0,,,
2021-11-23,157450,TIGER 단기통안채,99413,10331,-5.029649786614243e-05,단기자금,-0.0058422335219802,0.33562381728367,15.0,,,
2021-11-24,157450,TIGER 단기통안채,99413,14848,-5.029649786614243e-05,단기자금,0.3258866451857709,0.7050990060692994,9.0,,,
2021-11-25,157450,TIGER 단기통안채,99408,8600,0.0001005904661219,단기자금,0.036428928183258,0.184678484794448,44.0,,,
2021-11-26,157450,TIGER 단기통안채,99403,19055,0.0002011809327502,단기자금,0.0347895310686807,0.3636906635246006,18.0,,,
2021-11-29,157450,TIGER 단기통안채,99403,3969,0.0002514698425475,단기자금,0.3310331846720752,0.2870511227784822,6.0,,,
2021-11-30,157450,TIGER 단기통안채,99408,21968,0.000201170814817,단기자금,0.001273995448251,0.0891655458568504,70.0,,,
2021-12-01,157450,TIGER 단기통안채,99408,3995,0.000201170814817,단기자금,0.2137274626794268,0.5213579148181289,22.0,,,
2021-12-02,157450,TIGER 단기통안채,99418,11982,0.0002514319060207,단기자금,0.1641795865565048,0.3898919557905518,12.0,,,
2021-12-03,157450,TIGER 단기통안채,99423,4006,0.0002011404671229,단기자금,0.1257513614047425,0.2944714761750328,17.0,,,
2021-12-06,157450,TIGER 단기통안채,99428,3717,0.0001508515573256,단기자금,0.0289201265751421,0.3134254716062967,49.0,,,
2021-12-07,157450,TIGER 단기통안채,99428,11284,0.0002011303532594,단기자금,-0.0873422641631226,0.2865660536812523,11.0,,,
2021-12-08,157450,TIGER 단기통안채,99428,3342,0.0002514066213628,단기자금,0.0452338278288758,0.0779876780985712,3.0,,,
2021-12-09,157450,TIGER 단기통안채,99443,1051,0.0002011000177706,단기자금,0.0054859091693288,0.2722601711701338,20.0,,,
2021-12-10,157450,TIGER 단기통안채,99443,1324,0.0002011000177706,단기자금,0.0458415985644693,0.4339335113368681,19.0,,,
2021-12-13,157450,TIGER 단기통안채,99443,1047,0.0002011000177706,단기자금,0.1852154753680886,0.4009758271893632,11.0,,,
2021-12-14,157450,TIGER 단기통안채,99448,3916,0.000191036372902,단기자금,0.0774934834776104,0.2209589240522516,8.0,,,
2021-12-15,157450,TIGER 단기통안채,99453,1822,0.000191026769464,단기자금,-0.0842364519462121,0.1895066644612132,11.0,,,
2021-12-16,157450,TIGER 단기통안채,99463,7053,0.0001910075654869,단기자금,0.1153317917257178,0.3386015512261098,15.0,,,
2021-12-17,157450,TIGER 단기통안채,99463,3472,0.0001910075654869,단기자금,0.1029727663088507,0.3158232376995156,19.0,,,
2021-12-20,157450,TIGER 단기통안채,99463,34860,0.0001910075654869,단기자금,-0.4442632225356647,0.4250533300221218,5.0,,,
2021-12-21,157450,TIGER 단기통안채,99467,3538,0.0001507924144217,단기자금,0.0055989726931259,0.4003706460369772,13.0,,,
2021-12-22,157450,TIGER 단기통안채,99472,8084,0.0002010413951012,단기자금,-0.1014602621659529,0.6701669973015947,6.0,,,
2021-12-23,157450,TIGER 단기통안채,99482,1466,0.0001005156453448,단기자금,0.0081756456888797,0.5153520299087134,8.0,,,
2021-12-24,157450,TIGER 단기통안채,99482,1666,0.0001507696794966,단기자금,0.2212286897770354,0.5344836309871502,16.0,,,
2021-12-27,157450,TIGER 단기통안채,99482,63035,0.0001507696794966,단기자금,0.0053618138210202,0.0117978885731521,11.0,,,
2021-12-28,157450,TIGER 단기통안채,99482,20672,0.0002010211883103,단기자금,0.1778530629002893,0.3622129032400942,36.0,,,
2021-12-29,157450,TIGER 단기통안채,99492,16914,0.0001507545266896,단기자금,0.1801915592795095,0.3507746040066726,22.0,,,
2021-12-30,157450,TIGER 단기통안채,99492,15455,0.0001005055429654,단기자금,0.0619437696641398,0.2679915447304674,22.0,,,
2022-01-03,157450,TIGER 단기통안채,99497,5639,0.0001507469514283,단기자금,-0.1591695013615078,0.3730965208027572,7.0,-0.3840416951311959,0.4984041528180834,9.0
2022-01-04,157450,TIGER 단기통안채,99497,5400,0.0001507469514283,단기자금,0.001500305099762,0.0028931845504219,10.0,-0.2410412897666295,0.4758332503309945,15.0
2022-01-05,157450,TIGER 단기통안채,99502,9952,5.024898372418818e-05,단기자금,0.0002688612701604,0.7066481004244533,5.0,0.084159111811055,0.4453587209731621,9.0
2022-01-06,157450,TIGER 단기통안채,99507,13804,0.0001004903932031,단기자금,-5.061369374743663e-05,0.0001969703927291,5.0,-0.1761988466605544,0.358251946806613,12.0
2022-01-07,157450,TIGER 단기통안채,99502,3021,-0.0002512828000096,단기자금,-3.7694152706535536e-05,9.739894111359284e-05,5.0,-0.319871106185019,0.5791938222657715,12.0
2022-01-10,157450,TIGER 단기통안채,99512,4814,-0.000301516630925,단기자금,0.0334439711264816,0.0722537882541593,7.0,-0.1220748014748096,0.5474913088588033,8.0
2022-01-11,157450,TIGER 단기통안채,99512,7148,-0.0002010009855801,단기자금,-0.2463492245869929,0.5020954045215386,4.0,0.0698636903294495,0.6605477753926886,7.0
2022-01-12,157450,TIGER 단기통안채,99507,15376,-0.0001507545266896,단기자금,-0.2854529809982133,0.4875355642471937,7.0,-0.1095386676490306,0.479310581971538,10.0
2022-01-13,157450,TIGER 단기통안채,99517,4725,-5.024393431263263e-05,단기자금,-0.327871803669647,0.5678976876434916,3.0,-0.1406220248477025,0.5657366930904298,11.0
2022-01-14,157450,TIGER 단기통안채,99477,2384870,0.0002512828000096,단기자금,0.4997393464773267,0.5342612582900992,8.0,-0.2744386113352245,0.5860922868771482,18.0
2022-01-17,157450,TIGER 단기통안채,99482,2663400,0.0002512701720345,단기자금,0.1618714579264633,0.4395474650103971,5.0,-0.1646603010594844,0.407757221066526,4.0
2022-01-18,157450,TIGER 단기통안채,99492,2404471,0.0002512449198928,단기자금,0.0567795369359373,0.1269828797778995,5.0,-0.2034063889430119,0.5243373901242264,13.0
2022-01-19,157450,TIGER 단기통안채,99492,2271927,0.0002512449198928,단기자금,0.0233249363518552,0.4530357372845442,12.0,-0.1115672774612903,0.3342683907540377,11.0
2022-01-20,157450,TIGER 단기통안채,99512,1091543,0.0002511944308345,단기자금,0.1873535044367599,0.4163811965095895,5.0,-0.0590153688734228,0.4009437252513615,11.0
2022-01-21,157450,TIGER 단기통안채,99502,725557,0.0004019211886649,단기자금,0.1819700821618729,0.4125111524240355,12.0,-0.3510485752175251,0.3999953337147606,15.0
2022-01-24,157450,TIGER 단기통안채,99507,1925141,0.0003516722049408,단기자금,-0.143798634795894,0.4779937993537289,10.0,-0.3147318813328941,0.4724912911331713,6.0
2022-01-25,157450,TIGER 단기통안채,99517,1629020,0.0003516368732512,단기자금,0.2092721485896618,0.8176693497435219,5.0,-0.4703665245324373,0.4091542658187689,10.0
2022-01-26,157450,TIGER 단기통안채,99517,1892949,0.0004922570082772,단기자금,-0.1215065336133799,0.5902595997869198,12.0,-0.1163663927179116,0.4377281574558563,13.0
2022-01-27,157450,TIGER 단기통안채,99537,2313221,0.0002009101235316,단기자금,0.3301235863600595,0.518718893833915,6.0,-0.3698857807450824,0.4412699246383488,9.0
2022-01-28,157450,TIGER 단기통안채,99542,2648310,0.0001908559896914,단기자금,0.0587787440180203,0.2387761353778671,34.0,-0.088289984036237,0.3274112823826901,12.0
2022-02-03,157450,TIGER 단기통안채,99542,2337803,0.0002912918815454,단기자금,0.1350390209283634,0.4050724324661786,9.0,0.1281085105782205,0.5110834037716396,11.0
2022-02-04,157450,TIGER 단기통안채,99552,2459911,0.0002410509834493,단기자금,0.1385656593662133,0.4419020546869349,10.0,-0.0741423272217313,0.6224957325736676,12.0
2022-02-07,157450,TIGER 단기통안채,99566,1997103,0.0001004308484233,단기자금,0.2495124580555057,0.4631668862382722,8.0,-0.0596357107990317,0.5310990619841467,9.0
2022-02-08,157450,TIGER 단기통안채,99557,1913700,0.0002410388787286,단기자금,0.375064871241193,0.4847208260682278,8.0,-0.4220288200303912,0.4421615902922726,12.0
2022-02-09,157450,TIGER 단기통안채,99561,2412409,0.000200861697353,단기자금,0.2862003814578721,0.7555054374659634,7.0,-0.1111704981462522,0.3012854431324814,11.0
2022-02-10,157450,TIGER 단기통안채,99571,2137556,0.0002008415266701,단기자금,0.4760830209534106,0.6059904711625025,4.0,-0.1870269413021477,0.5298964072629051,11.0
2022-02-11,157450,TIGER 단기통안채,99576,1595006,0.000251033002117,단기자금,0.2681427844866751,0.5925944777561982,12.0,-0.1584572084248066,0.4768741764619148,13.0
2022-02-14,157450,TIGER 단기통안채,99576,1390356,0.0002008314428465,단기자금,-0.0021184830927975,0.4960455117378783,9.0,-0.2333828525410758,0.4362960930498278,9.0
2022-02-15,157450,TIGER 단기통안채,99581,1815531,0.0002008213600355,단기자금,-0.0003560492010971,0.000975590903602,6.0,-0.3521752912551165,0.4381532882029236,10.0
2022-02-16,157450,TIGER 단기통안채,99581,1327551,0.0003012169186202,단기자금,-0.0012711844447039,0.0035456334347488,4.0,-0.069572027772665,0.258792078935528,11.0
2022-02-17,157450,TIGER 단기통안채,99591,1014222,0.0003011866777775,단기자금,-0.4571638077277384,0.6298076594990372,4.0,-0.1326493824211259,0.5034640365179399,12.0
2022-02-18,157450,TIGER 단기통안채,99601,618984,0.0002509700003638,단기자금,-9.526502981316298e-05,0.0002417995384563,10.0,-0.2716196637381525,0.366004277586409,17.0
2022-02-21,157450,TIGER 단기통안채,99596,1040661,0.0003513580022787,단기자금,-0.114990430297621,0.7447422493670004,5.0,-0.3575678877532482,0.3178538900083615,4.0
2022-02-22,157450,TIGER 단기통안채,99601,1483668,0.0003513403671,단기자금,0.4606895258166332,0.6514812286081005,2.0,-0.3877598361836539,0.3433571334789133,18.0
2022-02-23,157450,TIGER 단기통안채,99611,1695014,0.0003011262143086,단기자금,0.2757133104314562,0.4670649683893996,4.0,-0.2942945628116528,0.4307442174250702,12.0
2022-02-24,157450,TIGER 단기통안채,99621,1444511,0.0003010959916771,단기자금,0.3984115936269518,0.5455589580027412,5.0,-0.3705809387293728,0.4377916368367599,11.0
2022-02-25,157450,TIGER 단기통안채,99626,1247493,0.0003010808826342,단기자금,0.3909983095400093,0.6584107614547464,4.0,-0.396797458999432,0.3745755052052623,13.0
2022-02-28,157450,TIGER 단기통안채,99631,1266300,0.0002910317094571,단기자금,0.0672016151180287,0.7271900784708659,10.0,-0.3637526638128541,0.3828383051108129,11.0
2022-03-02,157450,TIGER 단기통안채,99636,812966,0.0002910171068357,단기자금,0.0046138931029418,0.0082010365582969,7.0,,,
2022-03-03,157450,TIGER 단기통안채,99641,1460613,0.0002910025056781,단기자금,0.0004003636568086,0.5329895594450408,8.0,,,
2022-03-04,157450,TIGER 단기통안채,99651,1403971,0.0002909733077594,단기자금,0.0762618127778296,0.6430244566230688,16.0,,,
2022-03-07,157450,TIGER 단기통안채,99656,805013,0.0001906376836267,단기자금,-0.043987643892251,0.0833635488626919,4.0,,,
2022-03-08,157450,TIGER 단기통안채,99660,1461758,0.0003009781813538,단기자금,0.4941038308461429,0.5633688806260692,4.0,,,
2022-03-10,157450,TIGER 단기통안채,99665,304536,0.0003009630841344,단기자금,-0.2737064476023079,0.4960789651096808,7.0,,,
2022-03-11,157450,TIGER 단기통안채,99670,1943027,0.0002006420552476,단기자금,0.1636759184275433,0.5296706841264351,14.0,,,
2022-03-14,157450,TIGER 단기통안채,99680,792056,0.0002507711225128,단기자금,0.1343371090503448,0.2170454241990199,6.0,,,
2022-03-15,157450,TIGER 단기통안채,99675,1011624,0.0002006319914453,단기자금,-0.1656347620919405,0.407369184567458,6.0,,,
2022-03-16,157450,TIGER 단기통안채,99690,2663654,0.0001003059331807,단기자금,0.4002849801516276,0.54725934384516,5.0,,,
2022-03-17,157450,TIGER 단기통안채,99695,106036,5.015170892974652e-05,단기자금,-0.2151303318577346,0.4437399198026557,9.0,,,
2022-03-18,157450,TIGER 단기통안채,99690,407758,0.0002006018060889,단기자금,-0.0113086057255194,0.0392298041963569,7.0,,,
2022-03-21,157450,TIGER 단기통안채,99705,1634954,-0.0001003009027922,단기자금,0.4999083545262692,0.5772777645582903,4.0,,,
2022-03-22,157450,TIGER 단기통안채,99695,1089166,0.0001003009027922,단기자금,-0.0779628117868144,0.6005972858951977,7.0,,,
2022-03-23,157450,TIGER 단기통안채,99700,2001361,5.014919386248096e-05,단기자금,0.1201672157897389,0.660438500700636,7.0,,,
2022-03-24,157450,TIGER 단기통안채,99700,1948063,0.000150440037391,단기자금,-0.0768269221133288,0.4931415718206565,13.0,,,
2022-03-25,157450,TIGER 단기통안채,99710,245369,0.0,단기자금,0.1423742746155767,0.3781048187317559,7.0,,,
2022-03-28,157450,TIGER 단기통안채,99695,526273,0.0002507333964931,단기자금,0.0034996771282749,0.0138945305480022,4.0,,,
2022-03-29,157450,TIGER 단기통안채,99705,69612,0.0001002908435285,단기자금,0.1999646108444722,0.4471055141488177,5.0,,,
2022-03-30,157450,TIGER 단기통안채,99705,1275736,0.0001002908435285,단기자금,0.0002776254445694,0.0021713631226029,17.0,,,
2022-03-31,157450,TIGER 단기통안채,99715,1754126,0.0002005515173433,단기자금,0.0341710259286068,0.4717502477797645,13.0,,,
2022-04-01,157450,TIGER 단기통안채,99710,1822667,0.0002005615730755,단기자금,-0.0514940341102677,0.5872372404193241,6.0,,,
2022-04-04,157450,TIGER 단기통안채,99720,203508,-5.014165017236394e-05,단기자금,-3.126857492523933e-05,0.0002052681360019,7.0,,,
2022-04-05,157450,TIGER 단기통안채,99715,420565,0.0001504174085926,단기자금,0.0030615963223681,0.4918752529275918,9.0,,,
2022-04-06,157450,TIGER 단기통안채,99715,1516334,0.0002005515173433,단기자금,0.0315492048044689,0.0508737560312812,5.0,,,
2022-04-07,157450,TIGER 단기통안채,99735,374275,-0.0003509915547343,단기자금,-0.0313409569516807,0.6852043783804423,8.0,,,
2022-04-08,157450,TIGER 단기통안채,99730,381345,-0.0002507082521212,단기자금,-0.1981198555044102,0.4178136280111675,10.0,,,
2022-04-11,157450,TIGER 단기통안채,99715,1677515,-0.0001002908435285,단기자금,0.1454751975920122,0.3767767702922809,7.0,,,
2022-04-12,157450,TIGER 단기통안채,99730,2193848,-0.0001002757584203,단기자금,0.1435101700688912,0.3775477059017855,7.0,,,
2022-04-13,157450,TIGER 단기통안채,99735,1201777,-0.0002005515173433,단기자금,-0.0287702021596487,0.7679657406285961,4.0,,,
2022-04-14,157450,TIGER 단기통안채,99700,1823272,0.0003509915547343,단기자금,0.2050147349742474,0.3976762519002342,10.0,,,
2022-04-15,157450,TIGER 단기통안채,99705,2649593,0.0003008423608719,단기자금,-0.0440399451487213,0.3686721723089498,22.0,,,
2022-04-18,157450,TIGER 단기통안채,99705,1578342,0.0004512296083181,단기자금,0.2488043926805403,0.4975726591270399,4.0,,,
2022-04-19,157450,TIGER 단기통안채,99720,57047,0.000391018608445,단기자금,-0.0005904744205812,0.0015528583425124,6.0,,,
2022-04-20,157450,TIGER 단기통안채,99715,2877533,0.0004010628218402,단기자금,-0.2480370369885349,0.5000811370308448,4.0,,,
2022-04-21,157450,TIGER 단기통안채,99735,2290352,0.000340845299636,단기자금,-0.1258447477506706,0.2813793993269369,5.0,,,
2022-04-22,157450,TIGER 단기통안채,99735,960631,0.0004911813008803,단기자금,0.1936653808354296,0.6803518412431969,9.0,,,
2022-04-25,157450,TIGER 단기통안채,99750,2623976,0.0002906845641899,단기자금,-0.0008161632358678,0.0012449986734542,2.0,,,
2022-04-26,157450,TIGER 단기통안채,99759,18281,0.0003507840058425,단기자금,0.0725616549989354,0.2665099601824234,14.0,,,
2022-04-26,423160,KODEX KOFR금리액티브(합성),98315,21692,0.0003457674036795,단기자금,0.0725616549989354,0.2665099601824234,14.0,,,
2022-04-27,157450,TIGER 단기통안채,99755,2605092,0.0002906699963833,단기자금,0.3191790196376839,0.4800263938926976,9.0,,,
2022-04-27,423160,KODEX KOFR금리액티브(합성),98315,222,0.0003457674036795,단기자금,0.3191790196376839,0.4800263938926976,9.0,,,
2022-04-28,157450,TIGER 단기통안채,99769,986406,0.0003507488523872,단기자금,0.004104069898988,0.0108167642173378,7.0,,,
2022-04-28,423160,KODEX KOFR금리액티브(합성),98324,72,0.0003559026491295,단기자금,0.004104069898988,0.0108167642173378,7.0,,,
2022-04-29,157450,TIGER 단기통안채,99784,2245528,0.0003006042167346,단기자금,0.2233199277995611,0.5120447617161942,21.0,,,
2022-04-29,423160,KODEX KOFR금리액티브(합성),98329,1707,0.0003050516577793,단기자금,0.2233199277995611,0.5120447617161942,21.0,,,
2022-05-02,157450,TIGER 단기통안채,99779,206524,0.0004008056246611,단기자금,-0.0504828535783114,0.1748188216921064,12.0,,,
2022-05-02,423160,KODEX KOFR금리액티브(합성),98349,40692,0.0001016735466645,단기자금,-0.0504828535783114,0.1748188216921064,12.0,,,
2022-05-03,157450,TIGER 단기통안채,99794,9542,0.0002003927704983,단기자금,-0.0007836601696908,0.7062853347499645,5.0,,,
2022-05-03,423160,KODEX KOFR금리액티브(합성),98349,1442,0.0001016735466645,단기자금,-0.0007836601696908,0.7062853347499645,5.0,,,
2022-05-04,157450,TIGER 단기통안채,99784,1734352,0.0005009568380174,단기자금,0.1548875037678954,0.3792530114476621,6.0,,,
2022-05-04,423160,KODEX KOFR금리액티브(합성),98349,238,0.0002033367568703,단기자금,0.1548875037678954,0.3792530114476621,6.0,,,
2022-05-06,157450,TIGER 단기통안채,99804,2433142,0.0004007052465855,단기자금,0.0607221345555444,0.3315620322574502,10.0,,,
2022-05-06,423160,KODEX KOFR금리액티브(합성),98359,1138,0.0002541386492485,단기자금,0.0607221345555444,0.3315620322574502,10.0,,,
2022-05-09,157450,TIGER 단기통안채,99814,573260,0.0002504345051725,단기자금,-0.4985756909700285,0.7051253685075168,2.0,,,
2022-05-09,423160,KODEX KOFR금리액티브(합성),98359,61,0.0002541386492485,단기자금,-0.4985756909700285,0.7051253685075168,2.0,,,
2022-05-10,157450,TIGER 단기통안채,99819,1877044,0.00010017631039,단기자금,-0.1867242377872268,0.7349220651238244,3.0,,,
2022-05-10,423160,KODEX KOFR금리액티브(합성),98359,741,0.0002947948401761,단기자금,-0.1867242377872268,0.7349220651238244,3.0,,,
2022-05-11,157450,TIGER 단기통안채,99814,1636698,0.0001502682290723,단기자금,0.333326268887807,0.5162645843581402,6.0,,,
2022-05-11,423160,KODEX KOFR금리액티브(합성),98359,0,0.0003456127545184,단기자금,0.333326268887807,0.5162645843581402,6.0,,,
2022-05-12,157450,TIGER 단기통안채,99834,34137,5.0081883889774303e-05,단기자금,0.0356704882331087,0.6099162826548856,16.0,,,
2022-05-12,423160,KODEX KOFR금리액티브(합성),98369,749,0.0002439495443127,단기자금,0.0356704882331087,0.6099162826548856,16.0,,,
2022-05-13,157450,TIGER 단기통안채,99844,1268459,5.007686800340139e-05,단기자금,0.1110931266357511,0.3274398004570797,18.0,,,
2022-05-13,423160,KODEX KOFR금리액티브(합성),98384,113,0.000243912355371,단기자금,0.1110931266357511,0.3274398004570797,18.0,,,
2022-05-16,157450,TIGER 단기통안채,99839,230895,0.0001502306042606,단기자금,-0.0845166325720625,0.5404538647579826,11.0,,,
2022-05-16,423160,KODEX KOFR금리액티브(합성),98384,426,0.000243912355371,단기자금,-0.0845166325720625,0.5404538647579826,11.0,,,
2022-05-17,157450,TIGER 단기통안채,99829,1251877,0.0002904545634301,단기자금,0.0008377084211263,0.539190043961016,14.0,,,
2022-05-17,423160,KODEX KOFR금리액티브(합성),98388,107,0.0002947079617889,단기자금,0.0008377084211263,0.539190043961016,14.0,,,
2022-05-18,157450,TIGER 단기통안채,99829,3250648,0.0003405244108769,단기자금,0.2292949999626382,0.6351753578352407,33.0,,,
2022-05-18,423160,KODEX KOFR금리액티브(합성),98393,58,0.0002946929879303,단기자금,0.2292949999626382,0.6351753578352407,33.0,,,
2022-05-19,157450,TIGER 단기통안채,99839,1464097,0.0001001562438247,단기자금,-0.0831140557805136,0.6271904119568691,47.0,,,
2022-05-19,423160,KODEX KOFR금리액티브(합성),98393,99,0.0002946929879303,단기자금,-0.0831140557805136,0.6271904119568691,47.0,,,
2022-05-20,157450,TIGER 단기통안채,99849,41176,-0.0002003225199249,단기자금,-0.023761473523844,0.4612019892264157,43.0,,,
2022-05-20,423160,KODEX KOFR금리액티브(합성),98408,104,0.0003352823769393,단기자금,-0.023761473523844,0.4612019892264157,43.0,,,
2022-05-23,157450,TIGER 단기통안채,99854,74589,-0.0002003124881504,단기자금,0.0569418277756475,0.4880491459626453,28.0,,,
2022-05-23,423160,KODEX KOFR금리액티브(합성),98408,945,0.0003860729319384,단기자금,0.0569418277756475,0.4880491459626453,28.0,,,
2022-05-24,157450,TIGER 단기통안채,99858,7486,-0.0002403701712196,단기자금,0.0950975504745335,0.4959871186995281,34.0,,,
2022-05-24,423160,KODEX KOFR금리액티브(합성),98417,478,0.0003454091100429,단기자금,0.0950975504745335,0.4959871186995281,34.0,,,
2022-05-25,157450,TIGER 단기통안채,99863,4023207,-9.012753051607092e-05,단기자금,-0.0011709887132989,0.6337907836492255,30.0,,,
2022-05-25,423160,KODEX KOFR금리액티브(합성),98422,340,0.0003860180257415,단기자금,-0.0011709887132989,0.6337907836492255,30.0,,,
2022-05-26,157450,TIGER 단기통안채,99849,2471650,0.0001902692315365,단기자금,0.0769342198592838,0.306236278514242,38.0,,,
2022-05-26,423160,KODEX KOFR금리액티브(합성),98422,6,0.0004875769553969,단기자금,0.0769342198592838,0.306236278514242,38.0,,,
2022-05-27,157450,TIGER 단기통안채,99829,1722795,0.0002904545634301,단기자금,0.0526914885153928,0.384338115981839,40.0,,,
2022-05-27,423160,KODEX KOFR금리액티브(합성),98441,389,0.0003859435351589,단기자금,0.0526914885153928,0.384338115981839,40.0,,,
2022-05-30,157450,TIGER 단기통안채,99834,4091255,0.000340507359251,단기자금,-0.0422329653167363,0.5330978734986964,33.0,,,
2022-05-30,423160,KODEX KOFR금리액티브(합성),98446,783,0.0003351529801598,단기자금,-0.0422329653167363,0.5330978734986964,33.0,,,
2022-05-31,157450,TIGER 단기통안채,99834,1912710,0.0006408587726589,단기자금,0.036216253508519,0.438068668809199,40.0,,,
2022-05-31,423160,KODEX KOFR금리액티브(합성),98451,357,0.000335135961702,단기자금,0.036216253508519,0.438068668809199,40.0,,,
2022-06-02,157450,TIGER 단기통안채,99854,4469316,0.0004905960840702,단기자금,0.1720314402314215,0.4075475810077384,32.0,,,
2022-06-02,423160,KODEX KOFR금리액티브(합성),98460,555,0.0003960215121896,단기자금,0.1720314402314215,0.4075475810077384,32.0,,,
2022-06-03,157450,TIGER 단기통안채,99868,1681131,0.0003504012129695,단기자금,0.0517220910793791,0.4613618382091807,42.0,,,
2022-06-03,423160,KODEX KOFR금리액티브(합성),98470,1481,0.0003858298944194,단기자금,0.0517220910793791,0.4613618382091807,42.0,,,
2022-06-07,157450,TIGER 단기통안채,99858,104215,0.0004505384010009,단기자금,0.0758349465781235,0.3261512540725704,43.0,,,
2022-06-07,423160,KODEX KOFR금리액티브(합성),98479,750,0.0002944356755474,단기자금,0.0758349465781235,0.3261512540725704,43.0,,,
2022-06-08,157450,TIGER 단기통안채,99868,112530,0.0003003514134078,단기자금,-0.0060278672911711,0.5313460955186108,27.0,,,
2022-06-08,423160,KODEX KOFR금리액티브(합성),98479,3567,0.0003959451210882,단기자금,-0.0060278672911711,0.5313460955186108,27.0,,,
2022-06-09,157450,TIGER 단기통안채,99898,1427518,-0.0001501644303321,단기자금,0.078352771386649,0.3745879777441422,42.0,,,
2022-06-09,423160,KODEX KOFR금리액티브(합성),98484,584,0.0003451741640958,단기자금,0.078352771386649,0.3745879777441422,42.0,,,
2022-06-10,157450,TIGER 단기통안채,99903,408347,-0.0001501569142572,단기자금,0.0080332440164191,0.4023892382236316,54.0,,,
2022-06-10,423160,KODEX KOFR금리액티브(합성),98499,618,0.0003958647412343,단기자금,0.0080332440164191,0.4023892382236316,54.0,,,
2022-06-13,157450,TIGER 단기통안채,99903,44887,-0.0001501569142572,단기자금,0.031991258143338,0.4964846328478657,37.0,,,
2022-06-13,423160,KODEX KOFR금리액티브(합성),98508,2050,0.0003552379878097,단기자금,0.031991258143338,0.4964846328478657,37.0,,,
2022-06-14,157450,TIGER 단기통안채,99903,38597,-5.004979956169109e-05,단기자금,-0.0353459008339476,0.4954786436263533,42.0,,,
2022-06-14,423160,KODEX KOFR금리액티브(합성),98508,663,0.0003552379878097,단기자금,-0.0353459008339476,0.4954786436263533,42.0,,,
2022-06-15,157450,TIGER 단기통안채,99898,27226,0.0001000970942648,단기자금,0.1278469108241552,0.4235301462163906,45.0,,,
2022-06-15,423160,KODEX KOFR금리액티브(합성),98518,1245,0.0003552019360331,단기자금,0.1278469108241552,0.4235301462163906,45.0,,,
2022-06-16,157450,TIGER 단기통안채,99883,19143,0.0003003063146955,단기자금,0.0319209368903583,0.4333532768514731,53.0,,,
2022-06-16,423160,KODEX KOFR금리액티브(합성),98518,309,0.000405934771857,단기자금,0.0319209368903583,0.4333532768514731,53.0,,,
2022-06-17,157450,TIGER 단기통안채,99888,22209,0.0003503310664374,단기자금,-0.0661071348344261,0.5269167329440938,54.0,,,
2022-06-17,423160,KODEX KOFR금리액티브(합성),98538,2316,0.0003551298544248,단기자금,-0.0661071348344261,0.5269167329440938,54.0,,,
2022-06-20,157450,TIGER 단기통안채,99888,387255,0.0003503310664374,단기자금,0.0005443964048754,0.5335557606025395,50.0,,,
2022-06-20,423160,KODEX KOFR금리액티브(합성),98543,265,0.0003551118385942,단기자금,0.0005443964048754,0.5335557606025395,50.0,,,
2022-06-21,157450,TIGER 단기통안채,99898,1033099,0.0003002612295244,단기자금,0.1364904426611188,0.6063022979127682,31.0,,,
2022-06-21,423160,KODEX KOFR금리액티브(합성),98543,473,0.00040583180858,단기자금,0.1364904426611188,0.6063022979127682,31.0,,,
2022-06-22,157450,TIGER 단기통안채,99908,260858,0.000150126857477,단기자금,0.0677360090144776,0.4906956647906642,43.0,,,
2022-06-22,423160,KODEX KOFR금리액티브(합성),98553,4593,0.0003043584148159,단기자금,0.0677360090144776,0.4906956647906642,43.0,,,
2022-06-23,157450,TIGER 단기통안채,99913,4621,0.0003002161578855,단기자금,-0.1075067357991833,0.5411368770666637,36.0,,,
2022-06-23,423160,KODEX KOFR금리액티브(합성),98558,1489,0.0003550578020679,단기자금,-0.1075067357991833,0.5411368770666637,36.0,,,
2022-06-24,157450,TIGER 단기통안채,99923,825103,0.0002001340905071,단기자금,0.1941387952831844,0.4779031820767279,56.0,,,
2022-06-24,423160,KODEX KOFR금리액티브(합성),98573,2181,0.0004057083215709,단기자금,0.1941387952831844,0.4779031820767279,56.0,,,
2022-06-27,157450,TIGER 단기통안채,99923,16323,0.0002001340905071,단기자금,0.165861059659447,0.4606162996672311,37.0,,,
2022-06-27,423160,KODEX KOFR금리액티브(합성),98578,103274,0.0004056877477101,단기자금,0.165861059659447,0.4606162996672311,37.0,,,
2022-06-28,157450,TIGER 단기통안채,99928,16399,0.0002001240775957,단기자금,0.0224619970051149,0.3986466073463566,31.0,,,
2022-06-28,423160,KODEX KOFR금리액티브(합성),98583,632,0.0003549677777243,단기자금,0.0224619970051149,0.3986466073463566,31.0,,,
2022-06-29,157450,TIGER 단기통안채,99923,703535,0.000340204125754,단기자금,0.0667911819521072,0.4645486865381069,45.0,,,
2022-06-29,423160,KODEX KOFR금리액티브(합성),98583,103730,0.0003549677777243,단기자금,0.0667911819521072,0.4645486865381069,45.0,,,
2022-06-30,157450,TIGER 단기통안채,99943,1396289,0.0001400700352469,단기자금,-0.0258938513655771,0.3579944379805681,45.0,,,
2022-06-30,423160,KODEX KOFR금리액티브(합성),98593,113488,0.0003549317807678,단기자금,-0.0258938513655771,0.3579944379805681,45.0,,,
2022-07-01,157450,TIGER 단기통안채,99943,108275,0.0001400700352469,단기자금,-0.0157264784320432,0.327902573023644,12.0,,,
2022-07-01,423160,KODEX KOFR금리액티브(합성),98613,11815,0.0003041732594333,단기자금,-0.0157264784320432,0.327902573023644,12.0,,,
2022-07-04,157450,TIGER 단기통안채,99943,54455,0.0001900902934615,단기자금,-0.0665206165004444,0.2580463964606114,15.0,,,
2022-07-04,423160,KODEX KOFR금리액티브(합성),98618,103968,0.0002534712906641,단기자금,-0.0665206165004444,0.2580463964606114,15.0,,,
2022-07-05,157450,TIGER 단기통안채,99948,18009,0.0001900807849057,단기자금,-0.2978784091064881,0.4526207365794591,4.0,,,
2022-07-05,423160,KODEX KOFR금리액티브(합성),98618,1661,0.0003548418203109,단기자금,-0.2978784091064881,0.4526207365794591,4.0,,,
2022-07-06,157450,TIGER 단기통안채,99957,10820,-0.0003902439073915,단기자금,-0.2200415002248519,0.4548634838289526,8.0,,,
2022-07-06,423160,KODEX KOFR금리액티브(합성),98618,11936,0.0004562020750142,단기자금,-0.2200415002248519,0.4548634838289526,8.0,,,
2022-07-07,157450,TIGER 단기통안채,99957,59772,-0.0001400700352469,단기자금,-0.1725496772240148,0.8050207424073633,5.0,,,
2022-07-07,423160,KODEX KOFR금리액티브(합성),98628,101762,0.0004054821237939,단기자금,-0.1725496772240148,0.8050207424073633,5.0,,,
2022-07-08,157450,TIGER 단기통안채,99957,18562,-0.0001900998029675,단기자금,0.2444886360326563,0.4948228395532608,4.0,,,
2022-07-08,423160,KODEX KOFR금리액티브(합성),98643,22012,0.0003547519054443,단기자금,0.2444886360326563,0.4948228395532608,4.0,,,
2022-07-11,157450,TIGER 단기통안채,99962,113164,-0.0001000430185804,단기자금,-0.00136933627962,0.4973916253057359,9.0,,,
2022-07-11,423160,KODEX KOFR금리액티브(합성),98643,4229,0.0005067499196282,단기자금,-0.00136933627962,0.4973916253057359,9.0,,,
2022-07-12,157450,TIGER 단기통안채,99967,194224,-0.0001500607748958,단기자금,-0.4781906972493743,0.6762134263984136,2.0,,,
2022-07-12,423160,KODEX KOFR금리액티브(합성),98653,104108,0.0004560402610565,단기자금,-0.4781906972493743,0.6762134263984136,2.0,,,
2022-07-13,157450,TIGER 단기통안채,99918,1125536,0.0003402211470255,단기자금,-0.0036687759670063,0.0096549125476375,7.0,,,
2022-07-13,423160,KODEX KOFR금리액티브(합성),98663,1546,0.0003546800063531,단기자금,-0.0036687759670063,0.0096549125476375,7.0,,,
2022-07-14,157450,TIGER 단기통안채,99943,1564,0.0002901233044401,단기자금,-0.1498015389236874,0.5978945050501483,9.0,,,
2022-07-14,423160,KODEX KOFR금리액티브(합성),98668,2766,0.0004053177746801,단기자금,-0.1498015389236874,0.5978945050501483,9.0,,,
2022-07-15,157450,TIGER 단기통안채,99938,304787,0.0003901658254221,단기자금,0.0382683937637011,0.1083534836878126,8.0,,,
2022-07-15,423160,KODEX KOFR금리액티브(합성),98678,47,0.0005065702265287,단기자금,0.0382683937637011,0.1083534836878126,8.0,,,
2022-07-18,157450,TIGER 단기통안채,99952,435058,0.0003501067861453,단기자금,0.1544381903889492,0.3778837824275081,6.0,,,
2022-07-18,423160,KODEX KOFR금리액티브(합성),98693,1905,0.0003950867469413,단기자금,0.1544381903889492,0.3778837824275081,6.0,,,
2022-07-19,157450,TIGER 단기통안채,99952,146523,0.000400112036706,단기자금,-0.2353050797816346,0.4075291523776171,3.0,,,
2022-07-19,423160,KODEX KOFR금리액티브(합성),98698,7158,0.00039506673596,단기자금,-0.2353050797816346,0.4075291523776171,3.0,,,
2022-07-20,157450,TIGER 단기통안채,99952,7520,0.0003000990349324,단기자금,-0.001285572880685,0.0098841031430538,3.0,,,
2022-07-20,423160,KODEX KOFR금리액티브(합성),98698,3193,0.0004963407633109,단기자금,-0.001285572880685,0.0098841031430538,3.0,,,
2022-07-21,157450,TIGER 단기통안채,99972,26162,0.0003000390073211,단기자금,0.3989961458886683,0.5461450644330776,5.0,,,
2022-07-21,423160,KODEX KOFR금리액티브(합성),98708,102835,0.0004456598878572,단기자금,0.3989961458886683,0.5461450644330776,5.0,,,
2022-07-22,157450,TIGER 단기통안채,99977,1879238,0.0004000120056932,단기자금,0.091639203633479,0.4759710700545421,14.0,,,
2022-07-22,423160,KODEX KOFR금리액티브(합성),98728,2173,0.000394946712646,단기자금,0.091639203633479,0.4759710700545421,14.0,,,
2022-07-25,157450,TIGER 단기통안채,99987,908045,0.0003499842542797,단기자금,-0.1578045229899645,0.4924268252867053,9.0,,,
2022-07-25,423160,KODEX KOFR금리액티브(합성),98732,1824,0.0004556754454583,단기자금,-0.1578045229899645,0.4924268252867053,9.0,,,
2022-07-26,157450,TIGER 단기통안채,99992,10887,0.000299979003719,단기자금,0.2965481542050838,0.6064552121855482,3.0,,,
2022-07-26,423160,KODEX KOFR금리액티브(합성),98737,418,0.0004556523755052,단기자금,0.2965481542050838,0.6064552121855482,3.0,,,
2022-07-27,157450,TIGER 단기통안채,99982,25738,0.0004999650128656,단기자금,-0.4840136644961603,0.5594681345623813,4.0,,,
2022-07-27,423160,KODEX KOFR금리액티브(합성),98747,13741,0.0004556062425979,단기자금,-0.4840136644961603,0.5594681345623813,4.0,,,
2022-07-28,157450,TIGER 단기통안채,100002,11291,0.0005398434585117,단기자금,-0.2311469181856539,0.5121327680380435,7.0,,,
2022-07-28,423160,KODEX KOFR금리액티브(합성),98752,16058,0.0004555831796508,단기자금,-0.2311469181856539,0.5121327680380435,7.0,,,
2022-07-29,157450,TIGER 단기통안채,100017,1682188,0.0004897967441479,단기자금,-0.1596268549834349,0.3670466129240016,10.0,,,
2022-07-29,423160,KODEX KOFR금리액티브(합성),98767,18820,0.0003441852965622,단기자금,-0.1596268549834349,0.3670466129240016,10.0,,,
2022-08-01,157450,TIGER 단기통안채,100022,3178063,0.0004897722656931,단기자금,0.1791019730590051,0.4031752403341576,6.0,-0.2457383928651159,0.3116770593641562,11.0
2022-08-01,423160,KODEX KOFR금리액티브(합성),98777,226037,0.0004453486444937,단기자금,0.1791019730590051,0.4031752403341576,6.0,-0.2457383928651159,0.3116770593641562,11.0
2022-08-02,157450,TIGER 단기통안채,100022,598425,0.0004897722656931,단기자금,7.833869555421794e-06,7.4800530865416785e-06,3.0,-0.4715326444970237,0.4799663366032206,9.0
2022-08-02,423160,KODEX KOFR금리액티브(합성),98782,152531,0.000445326107517,단기자금,7.833869555421794e-06,7.4800530865416785e-06,3.0,-0.4715326444970237,0.4799663366032206,9.0
2022-08-03,157450,TIGER 단기통안채,100032,1963505,0.0005396816009604,단기자금,-0.3197692467911111,0.5538531170086727,3.0,-0.1645801360718906,0.6434514948336777,8.0
2022-08-03,423160,KODEX KOFR금리액티브(합성),98792,195283,0.0003946909064875,단기자금,-0.3197692467911111,0.5538531170086727,3.0,-0.1645801360718906,0.6434514948336777,8.0
2022-08-04,157450,TIGER 단기통안채,100056,1164337,0.0005495411469826,단기자금,0.2485939800553751,0.499649303230516,4.0,-0.0480149549742539,0.3526657469804566,12.0
2022-08-04,423160,KODEX KOFR금리액티브(합성),98797,213656,0.0003946709355844,단기자금,0.2485939800553751,0.499649303230516,4.0,-0.0480149549742539,0.3526657469804566,12.0
2022-08-05,157450,TIGER 단기통안채,100066,1400262,0.0004496021097128,단기자금,-0.0011452786400493,0.0085818844243635,9.0,-0.0434159429278224,0.5608047469782653,16.0
2022-08-05,423160,KODEX KOFR금리액티브(합성),98801,246136,0.0005565196417993,단기자금,-0.0011452786400493,0.0085818844243635,9.0,-0.0434159429278224,0.5608047469782653,16.0
2022-08-08,157450,TIGER 단기통안채,100071,1051449,0.0004495796506045,단기자금,0.3741376327106991,0.5162027375814089,8.0,-0.3299184925854206,0.4585074392313756,4.0
2022-08-08,423160,KODEX KOFR금리액티브(합성),98821,316025,0.0004957231336106,단기자금,0.3741376327106991,0.5162027375814089,8.0,-0.3299184925854206,0.4585074392313756,4.0
2022-08-09,157450,TIGER 단기통안채,100071,517754,0.0005494587969216,단기자금,0.0017988929297037,0.0030570758036172,3.0,-0.1625083051621914,0.313958648532535,6.0
2022-08-09,423160,KODEX KOFR금리액티브(합성),98826,345503,0.0004956980592236,단기자금,0.0017988929297037,0.0030570758036172,3.0,-0.1625083051621914,0.313958648532535,6.0
2022-08-10,157450,TIGER 단기통안채,100086,3160742,0.0005993048243624,단기자금,0.0998465903830947,0.5504845661075589,10.0,0.0116203686015473,0.5680249359975106,9.0
2022-08-10,423160,KODEX KOFR금리액티브(합성),98831,348498,0.0004855596676236,단기자금,0.0998465903830947,0.5504845661075589,10.0,0.0116203686015473,0.5680249359975106,9.0
2022-08-11,157450,TIGER 단기통안채,100111,1910389,0.0003495508307462,단기자금,-0.0012312473923624,0.0033212862908067,7.0,-0.2952954578730795,0.4120945990186739,9.0
2022-08-11,423160,KODEX KOFR금리액티브(합성),98836,359720,0.0006271051213442,단기자금,-0.0012312473923624,0.0033212862908067,7.0,-0.2952954578730795,0.4120945990186739,9.0
2022-08-12,157450,TIGER 단기통안채,100111,310399,0.0003495508307462,단기자금,-0.0934342961736547,0.5626623904415954,4.0,-0.0195897718270619,0.4902787185505862,9.0
2022-08-12,423160,KODEX KOFR금리액티브(합성),98856,498411,0.000465215069223,단기자금,-0.0934342961736547,0.5626623904415954,4.0,-0.0195897718270619,0.4902787185505862,9.0
2022-08-16,157450,TIGER 단기통안채,100116,1938186,0.0002996075163981,단기자금,0.3985335963014222,0.5456108572244381,5.0,-0.1966158054355118,0.407519577789652,9.0
2022-08-16,423160,KODEX KOFR금리액티브(합성),98870,376000,0.000374158779147,단기자금,0.3985335963014222,0.5456108572244381,5.0,-0.1966158054355118,0.407519577789652,9.0
2022-08-17,157450,TIGER 단기통안채,100126,1217687,9.986917146775907e-05,단기자금,0.1233011969625295,0.348275741796864,8.0,-0.0454104788601398,0.5700862151462336,10.0
2022-08-17,423160,KODEX KOFR금리액티브(합성),98875,394289,0.0004246885681045,단기자금,0.1233011969625295,0.348275741796864,8.0,-0.0454104788601398,0.5700862151462336,10.0
2022-08-18,157450,TIGER 단기통안채,100146,2668186,-0.0001497925376163,단기자금,-0.1393925603835669,0.5783068455754569,5.0,-0.467487355073293,0.4177295775176386,9.0
2022-08-18,423160,KODEX KOFR금리액티브(합성),98879,413250,0.0004347804174642,단기자금,-0.1393925603835669,0.5783068455754569,5.0,-0.467487355073293,0.4177295775176386,9.0
2022-08-19,157450,TIGER 단기통안채,100146,1471609,-0.0002996075163981,단기자금,-0.4481380207774539,0.492695543829904,3.0,-0.024367394670844,0.301205827250008,10.0
2022-08-19,423160,KODEX KOFR금리액티브(합성),98898,426499,0.0004346969068489,단기자금,-0.4481380207774539,0.492695543829904,3.0,-0.024367394670844,0.301205827250008,10.0
2022-08-22,157450,TIGER 단기통안채,100146,57704,-9.98591986132169e-05,단기자금,-0.1345553296471605,0.3700989204704379,7.0,-0.2957043647766113,0.5657963721010962,5.0
2022-08-22,423160,KODEX KOFR금리액티브(합성),98902,491550,0.0004953172405954,단기자금,-0.1345553296471605,0.3700989204704379,7.0,-0.2957043647766113,0.5657963721010962,5.0
2022-08-23,157450,TIGER 단기통안채,100146,94642,0.0,단기자금,-0.199107999332773,0.444735991404005,5.0,-0.2894499568501487,0.414905782012277,16.0
2022-08-23,423160,KODEX KOFR금리액티브(합성),98907,495474,0.0004952922072511,단기자금,-0.199107999332773,0.444735991404005,5.0,-0.2894499568501487,0.414905782012277,16.0
2022-08-24,157450,TIGER 단기통안채,100136,2323866,0.0001398000861048,단기자금,0.3577120863847085,0.4954195757829788,8.0,-0.1264885618266734,0.5513988514159914,11.0
2022-08-24,423160,KODEX KOFR금리액티브(합성),98917,241650,0.00044471847022,단기자금,0.3577120863847085,0.4954195757829788,8.0,-0.1264885618266734,0.5513988514159914,11.0
2022-08-25,157450,TIGER 단기통안채,100131,3207143,0.00028957866507,단기자금,-0.1998058698998647,0.4468189860185214,5.0,-0.185229187624322,0.4157230629143681,9.0
2022-08-25,423160,KODEX KOFR금리액티브(합성),98922,38049,0.000434591465602,단기자금,-0.1998058698998647,0.4468189860185214,5.0,-0.185229187624322,0.4157230629143681,9.0
2022-08-26,157450,TIGER 단기통안채,100116,2465586,0.0005891428142721,단기자금,-0.0648942633223279,0.2429092495963754,14.0,0.0234023234496514,0.4209571616132502,15.0
2022-08-26,423160,KODEX KOFR금리액티브(합성),98941,165213,0.0003435801080708,단기자금,-0.0648942633223279,0.2429092495963754,14.0,0.0234023234496514,0.4209571616132502,15.0
2022-08-29,157450,TIGER 단기통안채,100136,3567765,0.0004393059037486,단기자금,0.2060187868064531,0.4119413040520939,4.0,-0.0568271931260824,0.206801546408022,12.0
2022-08-29,423160,KODEX KOFR금리액티브(합성),98951,475900,0.000444565696954,단기자금,0.2060187868064531,0.4119413040520939,4.0,-0.0568271931260824,0.206801546408022,12.0
2022-08-30,157450,TIGER 단기통안채,100146,3323263,0.0004891659817722,단기자금,-0.0002860264218422,0.0006367517932214,6.0,-0.2181877543528874,0.4829102192203222,6.0
2022-08-30,423160,KODEX KOFR금리액티브(합성),98956,74097,0.0004445432391513,단기자금,-0.0002860264218422,0.0006367517932214,6.0,-0.2181877543528874,0.4829102192203222,6.0
2022-08-31,157450,TIGER 단기통안채,100150,2025957,0.0008982484759858,단기자금,0.0001346363651464,0.0007136582649976,4.0,0.30054647102952,0.5146341407691776,3.0
2022-08-31,423160,KODEX KOFR금리액티브(합성),98961,51549,0.0004950220082804,단기자금,0.0001346363651464,0.0007136582649976,4.0,0.30054647102952,0.5146341407691776,3.0
2022-09-01,157450,TIGER 단기통안채,100160,749534,0.0007984032360237,단기자금,0.3020529602751291,0.5233065085076047,3.0,,,
2022-09-01,423160,KODEX KOFR금리액티브(합성),98965,623702,0.0007070707365297,단기자금,0.3020529602751291,0.5233065085076047,3.0,,,
2022-09-02,157450,TIGER 단기통안채,100175,98183,0.0007384345523746,단기자금,0.5047206322808051,0.4842945604116399,5.0,,,
2022-09-02,423160,KODEX KOFR금리액티브(합성),98975,119978,0.0007574801523659,단기자금,0.5047206322808051,0.4842945604116399,5.0,,,
2022-09-05,157450,TIGER 단기통안채,100180,717330,0.0007882697887211,단기자금,-0.117221555430495,0.3073110554671985,11.0,,,
2022-09-05,423160,KODEX KOFR금리액티브(합성),98995,51282,0.0006059076176274,단기자금,-0.117221555430495,0.3073110554671985,11.0,,,
2022-09-06,157450,TIGER 단기통안채,100195,526302,0.0008380139560824,단기자금,0.1345583638001699,0.3149884731169213,5.0,,,
2022-09-06,423160,KODEX KOFR금리액티브(합성),99000,114824,0.0006058770255013,단기자금,0.1345583638001699,0.3149884731169213,5.0,,,
2022-09-07,157450,TIGER 단기통안채,100240,7468,0.0003889905743772,단기자금,0.1263201969227338,0.632569098940575,8.0,,,
2022-09-07,423160,KODEX KOFR금리액티브(합성),99010,21836,0.0006562839420762,단기자금,0.1263201969227338,0.632569098940575,8.0,,,
2022-09-08,157450,TIGER 단기통안채,100240,333784,0.0004887073787358,단기자금,-0.4998884644301142,0.7067199790194062,2.0,,,
2022-09-08,423160,KODEX KOFR금리액티브(합성),99035,25337,0.0005047446099482,단기자금,-0.4998884644301142,0.7067199790194062,2.0,,,
2022-09-13,157450,TIGER 단기통안채,100249,1536614,0.000448781565602,단기자금,0.0005212534093256,0.002018422061723,7.0,,,
2022-09-13,423160,KODEX KOFR금리액티브(합성),99050,56939,0.0004542128317499,단기자금,0.0005212534093256,0.002018422061723,7.0,,,
2022-09-14,157450,TIGER 단기통안채,100259,1645945,0.0002991802483567,단기자금,0.4115236992802238,0.5223002991769715,5.0,,,
2022-09-14,423160,KODEX KOFR금리액티브(합성),99055,31809,0.0005046427236692,단기자금,0.4115236992802238,0.5223002991769715,5.0,,,
2022-09-15,157450,TIGER 단기통안채,100279,1192239,0.0003489653213737,단기자금,-0.0758177261250239,0.3836114924166817,8.0,,,
2022-09-15,423160,KODEX KOFR금리액티브(합성),99060,24264,0.0005046172585245,단기자금,-0.0758177261250239,0.3836114924166817,8.0,,,
2022-09-16,157450,TIGER 단기통안채,100279,814216,0.0001495714779959,단기자금,0.0568989002400485,0.2197796470524796,15.0,,,
2022-09-16,423160,KODEX KOFR금리액티브(합성),99075,102768,0.0005045408785129,단기자금,0.0568989002400485,0.2197796470524796,15.0,,,
2022-09-19,157450,TIGER 단기통안채,100289,893287,0.0001495565650646,단기자금,-0.0791550411580828,0.1904989563921347,5.0,,,
2022-09-19,423160,KODEX KOFR금리액티브(합성),99085,17154,0.000554924973251,단기자금,-0.0791550411580828,0.1904989563921347,5.0,,,
2022-09-20,157450,TIGER 단기통안채,100294,1428241,4.985218827080473e-05,단기자금,-0.2401454131081664,0.4415320825515616,8.0,,,
2022-09-20,423160,KODEX KOFR금리액티브(합성),99095,26205,0.0005044390744579,단기자금,-0.2401454131081664,0.4415320825515616,8.0,,,
2022-09-21,157450,TIGER 단기통안채,100289,1474310,0.0001495565650646,단기자금,0.2903168670511929,0.4699466985953961,7.0,,,
2022-09-21,423160,KODEX KOFR금리액티브(합성),99105,81133,0.0004035309008099,단기자금,0.2903168670511929,0.4699466985953961,7.0,,,
2022-09-22,157450,TIGER 단기통안채,100314,1020230,0.0001993540934002,단기자금,-0.0946643623065028,0.1748719802400696,7.0,,,
2022-09-22,423160,KODEX KOFR금리액티브(합성),99110,35020,0.0004539379191772,단기자금,-0.0946643623065028,0.1748719802400696,7.0,,,
2022-09-23,157450,TIGER 단기통안채,100294,1256768,0.000588097521522,단기자금,0.0003885575307711,0.3031315350387125,14.0,,,
2022-09-23,423160,KODEX KOFR금리액티브(합성),99125,28304,0.0004538692430209,단기자금,0.0003885575307711,0.3031315350387125,14.0,,,
2022-09-26,157450,TIGER 단기통안채,100304,1868520,0.000737485208976,단기자금,-0.0937128520281476,0.187539124043221,4.0,,,
2022-09-26,423160,KODEX KOFR금리액티브(합성),99140,39199,0.000554617202308,단기자금,-0.0937128520281476,0.187539124043221,4.0,,,
2022-09-27,157450,TIGER 단기통안채,100299,431066,0.0007873349121325,단기자금,0.1427942556517033,0.3324943116788085,6.0,,,
2022-09-27,423160,KODEX KOFR금리액티브(합성),99145,521020,0.0006453109311728,단기자금,0.1427942556517033,0.3324943116788085,6.0,,,
2022-09-28,157450,TIGER 단기통안채,100304,2103332,0.0011856901556974,단기자금,0.249986685076692,0.4998277234930757,4.0,,,
2022-09-28,423160,KODEX KOFR금리액티브(합성),99145,84409,0.0007461031581623,단기자금,0.249986685076692,0.4998277234930757,4.0,,,
2022-09-29,157450,TIGER 단기통안채,100334,2288584,0.0008368534799387,단기자금,4.9172875151271e-05,1.4658516478792505e-05,2.0,,,
2022-09-29,423160,KODEX KOFR금리액티브(합성),99155,37153,0.0007460279400763,단기자금,4.9172875151271e-05,1.4658516478792505e-05,2.0,,,
2022-09-30,157450,TIGER 단기통안채,100353,1271021,0.0007470826770301,단기자금,0.0030646860493736,0.4036310983323457,13.0,,,
2022-09-30,423160,KODEX KOFR금리액티브(합성),99170,52717,0.0007962947517565,단기자금,0.0030646860493736,0.4036310983323457,13.0,,,
2022-10-04,157450,TIGER 단기통안채,100378,545083,9.961846137684915e-05,단기자금,0.0080840347240714,0.4857437267047949,13.0,-0.3227834204211831,0.5076033045421895,10.0
2022-10-04,423160,KODEX KOFR금리액티브(합성),99195,32739,0.0006449857621273,단기자금,0.0080840347240714,0.4857437267047949,13.0,-0.3227834204211831,0.5076033045421895,10.0
2022-10-05,157450,TIGER 단기통안채,100378,580548,0.0004482049467213,단기자금,0.5022957406472415,0.7036286431355055,2.0,-0.3096368539457519,0.5422695953804829,12.0
2022-10-05,423160,KODEX KOFR금리액티브(합성),99209,216428,0.0006046010321316,단기자금,0.5022957406472415,0.7036286431355055,2.0,-0.3096368539457519,0.5422695953804829,12.0
2022-10-06,157450,TIGER 단기통안채,100423,1877509,4.978815142742121e-05,단기자금,0.0663633312251477,0.360668530816723,9.0,-0.0240400915965437,0.1906146504641571,10.0
2022-10-06,423160,KODEX KOFR금리액티브(합성),99219,199065,0.0006045401145335,단기자금,0.0663633312251477,0.360668530816723,9.0,-0.0240400915965437,0.1906146504641571,10.0
2022-10-07,157450,TIGER 단기통안채,100418,2528545,0.0001493644545238,단기자금,0.1366250429482534,0.4095052484747787,12.0,-0.1147571571848609,0.5173894436105317,11.0
2022-10-07,423160,KODEX KOFR금리액티브(합성),99229,24530,0.000745471797261,단기자금,0.1366250429482534,0.4095052484747787,12.0,-0.1147571571848609,0.5173894436105317,11.0
2022-10-11,157450,TIGER 단기통안채,100428,1517722,9.956886688833322e-05,단기자금,0.3004502199616278,0.4355356707188167,12.0,-0.0664359065038817,0.2556462564497691,7.0
2022-10-11,423160,KODEX KOFR금리액티브(합성),99249,55893,0.0006446349474362,단기자금,0.3004502199616278,0.4355356707188167,12.0,-0.0664359065038817,0.2556462564497691,7.0
2022-10-12,157450,TIGER 단기통안채,100388,1067320,0.0006373232639536,단기자금,-0.2472067734297525,0.4949746067710678,4.0,-0.1208557756617665,0.5128969527611288,16.0
2022-10-12,423160,KODEX KOFR금리액티브(합성),99259,40881,0.0006345018114899,단기자금,-0.2472067734297525,0.4949746067710678,4.0,-0.1208557756617665,0.5128969527611288,16.0
2022-10-13,157450,TIGER 단기통안채,100423,2206285,0.0003882818576794,단기자금,-0.1567193880764534,0.450478772754211,6.0,-0.2511361247914679,0.4777481728907916,17.0
2022-10-13,423160,KODEX KOFR금리액티브(합성),99269,29834,0.0005841004013067,단기자금,-0.1567193880764534,0.450478772754211,6.0,-0.2511361247914679,0.4777481728907916,17.0
2022-10-14,157450,TIGER 단기통안채,100428,556688,0.0002389486271816,단기자금,0.1543875085459149,0.3388522786035904,10.0,-0.3788395324721932,0.4106718349379885,20.0
2022-10-14,423160,KODEX KOFR금리액티브(합성),99279,43930,0.0007249660489687,단기자금,0.1543875085459149,0.3388522786035904,10.0,-0.3788395324721932,0.4106718349379885,20.0
2022-10-17,157450,TIGER 단기통안채,100433,510568,0.000238936732682,단기자금,0.0014911023877175,0.0042304486298013,8.0,-0.1665156881014506,0.4874980381322577,12.0
2022-10-17,423160,KODEX KOFR금리액티브(합성),99303,36821,0.0006241569051166,단기자금,0.0014911023877175,0.0042304486298013,8.0,-0.1665156881014506,0.4874980381322577,12.0
2022-10-18,157450,TIGER 단기통안채,100438,747333,0.0001891535384821,단기자금,0.2030199846230971,0.3953683680488432,13.0,0.0006136807302633,0.5363591786106585,9.0
2022-10-18,423160,KODEX KOFR금리액티브(합성),99313,37176,0.0006140311335567,단기자금,0.2030199846230971,0.3953683680488432,13.0,0.0006136807302633,0.5363591786106585,9.0
2022-10-19,157450,TIGER 단기통안채,100452,1308131,9.954507907039556e-05,단기자금,-0.2924164632627666,0.604114273836812,11.0,-0.2283373155484074,0.4784008095221656,19.0
2022-10-19,423160,KODEX KOFR금리액티브(합성),99322,21216,0.0005737263683975,단기자금,-0.2924164632627666,0.604114273836812,11.0,-0.2283373155484074,0.4784008095221656,19.0
2022-10-20,157450,TIGER 단기통안채,100462,1020382,0.0002488193534588,단기자금,0.1025212974839178,0.3086195959885591,16.0,-0.2629843324733277,0.3236703154677983,12.0
2022-10-20,423160,KODEX KOFR금리액티브(합성),99327,90246,0.0006743122522419,단기자금,0.1025212974839178,0.3086195959885591,16.0,-0.2629843324733277,0.3236703154677983,12.0
2022-10-21,157450,TIGER 단기통안채,100452,644565,0.0003981208747543,단기자금,-0.0785705167152627,0.3234968378732037,10.0,-0.2188594642405708,0.3484013284575938,18.0
2022-10-21,423160,KODEX KOFR금리액티브(합성),99351,196465,0.0006238554467703,단기자금,-0.0785705167152627,0.3234968378732037,10.0,-0.2188594642405708,0.3484013284575938,18.0
2022-10-24,157450,TIGER 단기통안채,100457,613326,0.0003981010632116,단기자금,-0.0475962636203468,0.3879605040107216,19.0,-0.1763929495444664,0.523070496025728,13.0
2022-10-24,423160,KODEX KOFR금리액티브(합성),99365,85438,0.0006338251559068,단기자금,-0.0475962636203468,0.3879605040107216,19.0,-0.1763929495444664,0.523070496025728,13.0
2022-10-25,157450,TIGER 단기통안채,100457,1456708,0.0005473481121267,단기자금,-0.0409382624558929,0.1899718348813437,30.0,-0.1776257206431844,0.396693701567806,11.0
2022-10-25,423160,KODEX KOFR금리액티브(합성),99374,161265,0.0005432541053718,단기자금,-0.0409382624558929,0.1899718348813437,30.0,-0.1776257206431844,0.396693701567806,11.0
2022-10-26,157450,TIGER 단기통안채,100462,669443,0.0004975768112451,단기자금,-0.1618116054901293,0.4991691957046141,16.0,-0.3425819536840374,0.4443198533683812,11.0
2022-10-26,423160,KODEX KOFR금리액티브(합성),99379,87199,0.0006337358941816,단기자금,-0.1618116054901293,0.4991691957046141,16.0,-0.3425819536840374,0.4443198533683812,11.0
2022-10-27,157450,TIGER 단기통안채,100487,1602176,0.0002985015245737,단기자금,-0.1630319979128948,0.481765275187069,41.0,0.1715406176487082,0.5413742615266951,19.0
2022-10-27,423160,KODEX KOFR금리액티브(합성),99394,102266,0.0005833660384908,단기자금,-0.1630319979128948,0.481765275187069,41.0,0.1715406176487082,0.5413742615266951,19.0
2022-10-28,157450,TIGER 단기통안채,100492,879874,0.0002984866747866,단기자금,-0.0737119276737327,0.4083215518960005,38.0,-0.0821146682689064,0.4167927491621862,19.0
2022-10-28,423160,KODEX KOFR금리액티브(합성),99413,64650,0.0005933077077777,단기자금,-0.0737119276737327,0.4083215518960005,38.0,-0.0821146682689064,0.4167927491621862,19.0
2022-10-31,157450,TIGER 단기통안채,100497,198920,0.0003482084709531,단기자금,-0.1237597310762339,0.4982057837148171,16.0,-0.0975986775010824,0.3127134712718121,8.0
2022-10-31,423160,KODEX KOFR금리액티브(합성),99428,112122,0.0005429591405832,단기자금,-0.1237597310762339,0.4982057837148171,16.0,-0.0975986775010824,0.3127134712718121,8.0
2022-11-01,157450,TIGER 단기통안채,100512,811890,0.0003382108677509,단기자금,0.1320153551537563,0.3515891138504746,15.0,0.2206222272943705,0.4119211792546303,8.0
2022-11-01,423160,KODEX KOFR금리액티브(합성),99428,49406,0.0005932182261787,단기자금,0.1320153551537563,0.3515891138504746,15.0,0.2206222272943705,0.4119211792546303,8.0
2022-11-02,157450,TIGER 단기통안채,100512,255098,0.0003382108677509,단기자금,0.1412353712711544,0.5785436453162801,19.0,-0.2067356706907351,0.3830276201649825,15.0
2022-11-02,423160,KODEX KOFR금리액티브(합성),99442,54501,0.0005529333253022,단기자금,0.1412353712711544,0.5785436453162801,19.0,-0.2067356706907351,0.3830276201649825,15.0
2022-11-03,157450,TIGER 단기통안채,100517,575923,0.0005867931921343,단기자금,-0.2492167555114735,0.5319280523359393,19.0,-0.0911035103989499,0.5024723232283141,14.0
2022-11-03,423160,KODEX KOFR금리액티브(합성),99452,131607,0.0005528777426597,단기자금,-0.2492167555114735,0.5319280523359393,19.0,-0.0911035103989499,0.5024723232283141,14.0
2022-11-04,157450,TIGER 단기통안채,100522,146024,0.0007855889586263,단기자금,-0.0662973978384495,0.4104399999992941,21.0,-0.0874233460053801,0.5373738068905832,14.0
2022-11-04,423160,KODEX KOFR금리액티브(합성),99472,295718,0.0005527666108928,단기자금,-0.0662973978384495,0.4104399999992941,21.0,-0.0874233460053801,0.5373738068905832,14.0
2022-11-07,157450,TIGER 단기통안채,100532,63834,0.0006364106654466,단기자금,-0.156865107741396,0.5432072466086537,16.0,-0.1486671273079183,0.4324602489142653,9.0
2022-11-07,423160,KODEX KOFR금리액티브(합성),99482,103116,0.0006029423769753,단기자금,-0.156865107741396,0.5432072466086537,16.0,-0.1486671273079183,0.4324602489142653,9.0
2022-11-08,157450,TIGER 단기통안채,100546,636391,0.0005468637501007,단기자금,-0.0152821905446147,0.4884554269932991,26.0,-0.1341472495008598,0.3370315089098781,11.0
2022-11-08,423160,KODEX KOFR금리액티브(합성),99487,188543,0.00060291208354,단기자금,-0.0152821905446147,0.4884554269932991,26.0,-0.1341472495008598,0.3370315089098781,11.0
2022-11-09,157450,TIGER 단기통안채,100546,207538,0.0007456491718329,단기자금,-0.0132554953980736,0.4082989479252307,53.0,-0.1927064240656116,0.4443987669267545,11.0
2022-11-09,423160,KODEX KOFR금리액티브(합성),99497,65062,0.0006028515057945,단기자금,-0.0132554953980736,0.4082989479252307,53.0,-0.1927064240656116,0.4443987669267545,11.0
2022-11-10,157450,TIGER 단기통안채,100576,586531,0.0005467006751249,단기자금,-0.1654578280130018,0.3929587112736671,42.0,-0.22508381276081,0.4328361357684936,18.0
2022-11-10,423160,KODEX KOFR금리액티브(합성),99507,36747,0.0006027909402206,단기자금,-0.1654578280130018,0.3929587112736671,42.0,-0.22508381276081,0.4328361357684936,18.0
2022-11-11,157450,TIGER 단기통안채,100601,46996,0.0003875949780436,단기자금,0.0504461490114148,0.5453071844766986,28.0,-0.4010556259980568,0.5421058478097553,13.0
2022-11-11,423160,KODEX KOFR금리액티브(합성),99527,102363,0.0006528759416113,단기자금,0.0504461490114148,0.5453071844766986,28.0,-0.4010556259980568,0.5421058478097553,13.0
2022-11-14,157450,TIGER 단기통안채,100596,1453626,0.0006856768345926,단기자금,-0.1607857687401855,0.6164979014177508,19.0,-0.2238836482167244,0.4282227432036486,5.0
2022-11-14,423160,KODEX KOFR금리액티브(합성),99542,35267,0.0005523780012808,단기자금,-0.1607857687401855,0.6164979014177508,19.0,-0.2238836482167244,0.4282227432036486,5.0
2022-11-15,157450,TIGER 단기통안채,100601,184197,0.0006359743042256,단기자금,-0.0160523878488934,0.5656007656203745,14.0,0.0224564814796814,0.3585496427660698,13.0
2022-11-15,423160,KODEX KOFR금리액티브(합성),99547,145919,0.0006527448150261,단기자금,-0.0160523878488934,0.5656007656203745,14.0,0.0224564814796814,0.3585496427660698,13.0
2022-11-16,157450,TIGER 단기통안채,100621,100841,0.0005365233416991,단기자금,0.1182090115325991,0.5961698438117763,17.0,-0.0991486765976463,0.392235454483645,14.0
2022-11-16,423160,KODEX KOFR금리액티브(합성),99557,55564,0.0006024882948079,단기자금,0.1182090115325991,0.5961698438117763,17.0,-0.0991486765976463,0.392235454483645,14.0
2022-11-17,157450,TIGER 단기통안채,100631,54950,0.0006854384342354,단기자금,0.0418968687528104,0.5194294556022266,25.0,-0.1665443514163295,0.5637412621243747,12.0
2022-11-17,423160,KODEX KOFR금리액티브(합성),99567,44923,0.0006024278021889,단기자금,0.0418968687528104,0.5194294556022266,25.0,-0.1665443514163295,0.5637412621243747,12.0
2022-11-18,157450,TIGER 단기통안채,100640,166909,0.0007449529782572,단기자금,-0.0689295595784642,0.5567154902207501,32.0,-0.3230185896158218,0.3746446142787027,15.0
2022-11-18,423160,KODEX KOFR금리액티브(합성),99592,29289,0.0006524499727049,단기자금,-0.0689295595784642,0.5567154902207501,32.0,-0.3230185896158218,0.3746446142787027,15.0
2022-11-21,157450,TIGER 단기통안채,100665,526559,0.0006852070040039,단기자금,0.0171864273801475,0.5310022952960363,20.0,0.1477073788642883,0.2391678491505055,5.0
2022-11-21,423160,KODEX KOFR금리액티브(합성),99597,94862,0.0006925520820004,단기자금,0.0171864273801475,0.5310022952960363,20.0,0.1477073788642883,0.2391678491505055,5.0
2022-11-22,157450,TIGER 단기통안채,100665,315625,0.000734841446345,단기자금,0.0343146430847506,0.602587922856425,18.0,-0.3408581489189105,0.4877621142654658,11.0
2022-11-22,423160,KODEX KOFR금리액티브(합성),99612,71054,0.0006422865621615,단기자금,0.0343146430847506,0.602587922856425,18.0,-0.3408581489189105,0.4877621142654658,11.0
2022-11-23,157450,TIGER 단기통안채,100675,380694,0.0006355069871393,단기자금,-0.0536275829640194,0.3672132849308648,13.0,-0.2130832685665651,0.3891902379896451,11.0
2022-11-23,423160,KODEX KOFR금리액티브(합성),99617,52096,0.0006924130871759,단기자금,-0.0536275829640194,0.3672132849308648,13.0,-0.2130832685665651,0.3891902379896451,11.0
2022-11-24,157450,TIGER 단기통안채,100700,307157,0.0007345861334719,단기자금,-0.0671356370855937,0.2311972268855775,25.0,-0.4613875029608607,0.6696197053691751,2.0
2022-11-24,423160,KODEX KOFR금리액티브(합성),99627,52184,0.0006923436106838,단기자금,-0.0671356370855937,0.2311972268855775,25.0,-0.4613875029608607,0.6696197053691751,2.0
2022-11-25,157450,TIGER 단기통안채,100715,234653,0.0006848669491859,단기자금,0.0067470005256473,0.2666100235227448,25.0,-0.049482650640938,0.4468063331436243,9.0
2022-11-25,423160,KODEX KOFR금리액티브(합성),99657,37675,0.0004915656464508,단기자금,0.0067470005256473,0.2666100235227448,25.0,-0.049482650640938,0.4468063331436243,9.0
2022-11-28,157450,TIGER 단기통안채,100734,1189166,0.0006450556708212,단기자금,-0.0006190434825839,0.3243387124682791,20.0,-0.3438429233751127,0.4438241343019939,7.0
2022-11-28,423160,KODEX KOFR금리액티브(합성),99666,52981,0.0006519656996086,단기자금,-0.0006190434825839,0.3243387124682791,20.0,-0.3438429233751127,0.4438241343019939,7.0
2022-11-29,157450,TIGER 단기통안채,100739,1201181,0.0006450236649619,단기자금,-0.0679004856578745,0.5563602262492788,17.0,-0.1572413376222054,0.3642155445782663,9.0
2022-11-29,423160,KODEX KOFR금리액티브(합성),99676,19447,0.000601769219612,단기자금,-0.0679004856578745,0.5563602262492788,17.0,-0.1572413376222054,0.3642155445782663,9.0
2022-11-30,157450,TIGER 단기통안채,100739,859489,0.0006946236411646,단기자금,-0.1079976586217526,0.3102621354638393,10.0,-0.1024198198521679,0.5511683234906242,11.0
2022-11-30,423160,KODEX KOFR금리액티브(합성),99686,31624,0.0006017088712972,단기자금,-0.1079976586217526,0.3102621354638393,10.0,-0.1024198198521679,0.5511683234906242,11.0
2022-12-01,157450,TIGER 단기통안채,100774,1143139,0.000684466118372,단기자금,0.0084923562808398,0.6114221409528763,16.0,-0.0117507445005079,0.4380679854582289,12.0
2022-12-01,423160,KODEX KOFR금리액티브(합성),99696,39931,0.0006016485350865,단기자금,0.0084923562808398,0.6114221409528763,16.0,-0.0117507445005079,0.4380679854582289,12.0
2022-12-02,157450,TIGER 단기통안채,100784,1225042,0.0006843982274418,단기자금,-0.1286759818121936,0.4087058085912115,30.0,-0.0744204249233007,0.5426809675760507,15.0
2022-12-02,423160,KODEX KOFR금리액티브(합성),99706,27980,0.0007318846355222,단기자금,-0.1286759818121936,0.4087058085912115,30.0,-0.0744204249233007,0.5426809675760507,15.0
2022-12-05,157450,TIGER 단기통안채,100799,1004659,0.0006347254529721,단기자금,-0.0022752497363678,0.4103220447301917,13.0,-0.2596489592558808,0.5065158691992047,9.0
2022-12-05,423160,KODEX KOFR금리액티브(합성),99731,56678,0.0006214791403102,단기자금,-0.0022752497363678,0.4103220447301917,13.0,-0.2596489592558808,0.5065158691992047,9.0
2022-12-06,157450,TIGER 단기통안채,100804,1050189,0.0005851230164903,단기자금,-0.0348722827829988,0.4260349282543293,16.0,-0.2153180569410324,0.3773947812540761,10.0
2022-12-06,423160,KODEX KOFR금리액티브(합성),99736,15583,0.0006214479937796,단기자금,-0.0348722827829988,0.4260349282543293,16.0,-0.2153180569410324,0.3773947812540761,10.0
2022-12-07,157450,TIGER 단기통안채,100809,944699,0.0006346625097748,단기자금,-0.1226708077088915,0.5519820646027297,20.0,-0.1194010749459266,0.3900811656227682,10.0
2022-12-07,423160,KODEX KOFR금리액티브(합성),99746,45247,0.0006213857100831,단기자금,-0.1226708077088915,0.5519820646027297,20.0,-0.1194010749459266,0.3900811656227682,10.0
2022-12-08,157450,TIGER 단기통안채,100843,73924,0.0005452535812011,단기자금,-0.1695244444151533,0.371498486880614,22.0,-0.2198018636554479,0.3777074014169997,11.0
2022-12-08,423160,KODEX KOFR금리액티브(합성),99756,25121,0.0006113051555018,단기자금,-0.1695244444151533,0.371498486880614,22.0,-0.2198018636554479,0.3777074014169997,11.0
2022-12-09,157450,TIGER 단기통안채,100853,472938,0.0005947483894068,단기자금,0.048836080068748,0.5754957765470421,17.0,-0.2677251690855393,0.7780283566036994,13.0
2022-12-09,423160,KODEX KOFR금리액티브(합성),99779,21135,0.0006311961375971,단기자금,0.048836080068748,0.5754957765470421,17.0,-0.2677251690855393,0.7780283566036994,13.0
2022-12-12,157450,TIGER 단기통안채,100863,203694,0.0005451454930067,단기자금,0.1049585146310467,0.5313896218646647,15.0,-0.1903013048524206,0.4464751517151554,11.0
2022-12-12,423160,KODEX KOFR금리액티브(합성),99793,18794,0.0005910491293796,단기자금,0.1049585146310467,0.5313896218646647,15.0,-0.1903013048524206,0.4464751517151554,11.0
2022-12-13,157450,TIGER 단기통안채,100863,305264,0.0005946894409749,단기자금,0.0447523564765541,0.435608021469922,23.0,0.0450420068068937,0.4800112504482289,11.0
2022-12-13,423160,KODEX KOFR금리액티브(합성),99798,89402,0.0006310760054972,단기자금,0.0447523564765541,0.435608021469922,23.0,0.0450420068068937,0.4800112504482289,11.0
2022-12-14,157450,TIGER 단기통안채,100873,9516,0.0004955499714878,단기자금,-0.0905056170267926,0.511760058697901,12.0,-0.2770253613591194,0.4400184300596427,10.0
2022-12-14,423160,KODEX KOFR금리액티브(합성),99808,64473,0.0005809469598574,단기자금,-0.0905056170267926,0.511760058697901,12.0,-0.2770253613591194,0.4400184300596427,10.0
2022-12-15,157450,TIGER 단기통안채,100898,505040,0.0004359889090075,단기자금,-0.0131312951738149,0.430425230654078,19.0,-0.1557163677311369,0.5280458148790895,14.0
2022-12-15,423160,KODEX KOFR금리액티브(합성),99817,21180,0.000580894593984,단기자금,-0.0131312951738149,0.430425230654078,19.0,-0.1557163677311369,0.5280458148790895,14.0
2022-12-16,157450,TIGER 단기통안채,100913,478207,0.0004854489259429,단기자금,0.0957288141161693,0.389785678459412,31.0,-0.2335034316548934,0.3518007941914672,13.0
2022-12-16,423160,KODEX KOFR금리액티브(합성),99842,34998,0.000620788421207,단기자금,0.0957288141161693,0.389785678459412,31.0,-0.2335034316548934,0.3518007941914672,13.0
2022-12-19,157450,TIGER 단기통안채,100918,903843,0.0004359025232485,단기자금,-0.2995492459879945,0.5548384496802864,18.0,-0.2244230359792709,0.2813999734854217,6.0
2022-12-19,423160,KODEX KOFR금리액티브(합성),99852,35437,0.0006207262696431,단기자금,-0.2995492459879945,0.5548384496802864,18.0,-0.2244230359792709,0.2813999734854217,6.0
2022-12-20,157450,TIGER 단기통안채,100923,1091785,0.000485400836693,단기자금,0.0459431570194757,0.4253092495973421,46.0,0.0119209088958226,0.3092197741246746,13.0
2022-12-20,423160,KODEX KOFR금리액티브(합성),99861,26768,0.000630677999732,단기자금,0.0459431570194757,0.4253092495973421,46.0,0.0119209088958226,0.3092197741246746,13.0
2022-12-21,157450,TIGER 단기통안채,100923,30928,0.0008319715232527,단기자금,0.0656873749118555,0.517032145327718,60.0,-0.2029152220115065,0.2909644739335879,10.0
2022-12-21,423160,KODEX KOFR금리액티브(합성),99866,265176,0.0006806807069619,단기자금,0.0656873749118555,0.517032145327718,60.0,-0.2029152220115065,0.2909644739335879,10.0
2022-12-22,157450,TIGER 단기통안채,100942,1127823,0.0006932271983046,단기자금,0.1298147403270956,0.5118920697077115,44.0,-0.3149685861542821,0.4486511320676319,10.0
2022-12-22,423160,KODEX KOFR금리액티브(합성),99875,223658,0.0008907170860972,단기자금,0.1298147403270956,0.5118920697077115,44.0,-0.3149685861542821,0.4486511320676319,10.0
2022-12-23,157450,TIGER 단기통안채,100962,6920,0.0007821666413612,단기자금,-0.0164988436773945,0.4179160602286982,52.0,-0.3808713353105953,0.5360197368440487,7.0
2022-12-23,423160,KODEX KOFR금리액티브(합성),99904,240141,0.0007504390420365,단기자금,-0.0164988436773945,0.4179160602286982,52.0,-0.3808713353105953,0.5360197368440487,7.0
2022-12-26,157450,TIGER 단기통안채,100962,96552,0.0009800865042564,단기자금,-0.0120376073091756,0.4558996488863771,50.0,-0.0167605057358741,0.2876671713601857,4.0
2022-12-26,423160,KODEX KOFR금리액티브(합성),99914,84480,0.0007503639617123,단기자금,-0.0120376073091756,0.4558996488863771,50.0,-0.0167605057358741,0.2876671713601857,4.0
2022-12-27,157450,TIGER 단기통안채,100972,883035,0.0009799894866251,단기자금,0.1225755942911909,0.4017397795104423,78.0,-0.1211381514689752,0.5083755453536286,7.0
2022-12-27,423160,KODEX KOFR금리액티브(합성),99924,82163,0.000700287146337,단기자금,0.1225755942911909,0.4017397795104423,78.0,-0.1211381514689752,0.5083755453536286,7.0
2022-12-28,157450,TIGER 단기통안채,101007,63223,0.0010291019026364,단기자금,0.0225046793128102,0.3763349206843316,41.0,-0.5377400939663252,0.4321873929468772,3.0
2022-12-28,423160,KODEX KOFR금리액티브(합성),99934,41203,0.0007502138461212,단기자금,0.0225046793128102,0.3763349206843316,41.0,-0.5377400939663252,0.4321873929468772,3.0
2022-12-29,157450,TIGER 단기통안채,101012,3593,0.0010784979252811,단기자금,-0.0662303784978637,0.4341568577316491,59.0,-0.0842688851058483,0.2705468395074596,10.0
2022-12-29,423160,KODEX KOFR금리액티브(합성),99964,49552,0.0006000360201632,단기자금,-0.0662303784978637,0.4341568577316491,59.0,-0.0842688851058483,0.2705468395074596,10.0
2023-01-02,157450,TIGER 단기통안채,101041,392624,0.0009793205881098,단기자금,0.0014549647439707,0.6293534742204011,6.0,0.0130736045539379,0.7283830978543632,4.0
2023-01-02,423160,KODEX KOFR금리액티브(합성),99979,83629,0.000649925281472,단기자금,0.0014549647439707,0.6293534742204011,6.0,0.0130736045539379,0.7283830978543632,4.0
2023-01-03,157450,TIGER 단기통안채,101061,57183,0.0009296990027554,단기자금,-0.0509985314400348,0.4560711132507041,11.0,-0.4709314078920417,0.3768526187830485,9.0
2023-01-03,423160,KODEX KOFR금리액티브(합성),99989,18089,0.0005998860396445,단기자금,-0.0509985314400348,0.4560711132507041,11.0,-0.4709314078920417,0.3768526187830485,9.0
2023-01-04,157450,TIGER 단기통안채,101071,196659,0.000830753758974,단기자금,-0.1777249978131294,0.339199227380503,10.0,-0.3495019699136416,0.5750284013474776,12.0
2023-01-04,423160,KODEX KOFR금리액티브(합성),99994,36837,0.0006498278185009,단기자금,-0.1777249978131294,0.339199227380503,10.0,-0.3495019699136416,0.5750284013474776,12.0
2023-01-05,157450,TIGER 단기통안채,101111,2796,0.0007810144686946,단기자금,0.0962469875978838,0.2736440780282307,7.0,-0.4657391272485256,0.4346128256725044,3.0
2023-01-05,423160,KODEX KOFR금리액티브(합성),100009,15105,0.0005997661092038,단기자금,0.0962469875978838,0.2736440780282307,7.0,-0.4657391272485256,0.4346128256725044,3.0
2023-01-06,157450,TIGER 단기통안채,101121,441812,0.0006821181515128,단기자금,0.1569614250248168,0.5385322548535876,13.0,-0.1346855160187591,0.4363054575704281,11.0
2023-01-06,423160,KODEX KOFR금리액티브(합성),100024,40785,0.0006995872720594,단기자금,0.1569614250248168,0.5385322548535876,13.0,-0.1346855160187591,0.4363054575704281,11.0
2023-01-09,157450,TIGER 단기통안채,101140,94423,0.000543652866332,단기자금,0.1142767245174207,0.4514632626997786,17.0,-0.5125250904820859,0.5071504103508144,8.0
2023-01-09,423160,KODEX KOFR금리액티브(합성),100044,68884,0.0006495031529389,단기자금,0.1142767245174207,0.4514632626997786,17.0,-0.5125250904820859,0.5071504103508144,8.0
2023-01-10,157450,TIGER 단기통안채,101155,842378,0.0005929732841636,단기자금,-0.1645976441160504,0.3195892607765889,15.0,-0.0096092160791158,0.0802474685414576,5.0
2023-01-10,423160,KODEX KOFR금리액티브(합성),100049,71930,0.000649470704225,단기자금,-0.1645976441160504,0.3195892607765889,15.0,-0.0096092160791158,0.0802474685414576,5.0
2023-01-11,157450,TIGER 단기통안채,101155,633834,0.0005929732841636,단기자금,-0.0458447247339271,0.1586434598469253,7.0,0.1015560163185,0.3156747564331294,10.0
2023-01-11,423160,KODEX KOFR금리액티브(합성),100059,59758,0.000549524674998,단기자금,-0.0458447247339271,0.1586434598469253,7.0,0.1015560163185,0.3156747564331294,10.0
2023-01-12,157450,TIGER 단기통안채,101190,228583,0.0008297771931768,단기자금,0.1349305923047888,0.3178868919676238,11.0,-0.0193661252657572,0.6034757562547685,12.0
2023-01-12,423160,KODEX KOFR금리액티브(합성),100069,80277,0.0006892866156711,단기자금,0.1349305923047888,0.3178868919676238,11.0,-0.0193661252657572,0.6034757562547685,12.0
2023-01-13,157450,TIGER 단기통안채,101190,556346,0.0007310302912806,단기자금,-0.2599358282927174,0.3493262502844598,14.0,-0.193235782161355,0.3700021454018237,15.0
2023-01-13,423160,KODEX KOFR금리액티브(합성),100094,18432,0.0007390319018885,단기자금,-0.2599358282927174,0.3493262502844598,14.0,-0.193235782161355,0.3700021454018237,15.0
2023-01-16,157450,TIGER 단기통안채,101195,999044,0.0010271910194319,단기자금,0.1737981824928283,0.3718448847281816,10.0,-0.55271663410323,0.4229898686536736,7.0
2023-01-16,423160,KODEX KOFR금리액티브(합성),100109,39969,0.0008387335615651,단기자금,0.1737981824928283,0.3718448847281816,10.0,-0.55271663410323,0.4229898686536736,7.0
2023-01-17,157450,TIGER 단기통안채,101215,774231,0.0010664666406903,단기자금,0.0724589779691948,0.3509021778619852,19.0,-0.3943821107968688,0.336527741754199,14.0
2023-01-17,423160,KODEX KOFR금리액티브(합성),100114,33963,0.0008885916408107,단기자금,0.0724589779691948,0.3509021778619852,19.0,-0.3943821107968688,0.336527741754199,14.0
2023-01-18,157450,TIGER 단기통안채,101215,107440,0.001115812560533,단기자금,0.0628314466513984,0.4786618273728886,10.0,-0.1250385872733134,0.414475428346843,13.0
2023-01-18,423160,KODEX KOFR금리액티브(합성),100114,55165,0.0010781887475275,단기자금,0.0628314466513984,0.4786618273728886,10.0,-0.1250385872733134,0.414475428346843,13.0
2023-01-19,157450,TIGER 단기통안채,101274,308969,0.000631749374456,단기자금,-0.1504282125192381,0.5403307576355437,13.0,-0.0747338531073182,0.229936709769343,16.0
2023-01-19,423160,KODEX KOFR금리액티브(합성),100138,78207,0.000978170898561,단기자금,-0.1504282125192381,0.5403307576355437,13.0,-0.0747338531073182,0.229936709769343,16.0
2023-01-20,157450,TIGER 단기통안채,101264,152880,0.0008785048216477,단기자금,-0.2162664406678232,0.429117976725664,9.0,-0.2077264249091968,0.3913918634723625,16.0
2023-01-20,423160,KODEX KOFR금리액티브(합성),100168,52128,0.0007783887746199,단기자금,-0.2162664406678232,0.429117976725664,9.0,-0.2077264249091968,0.3913918634723625,16.0
2023-01-25,157450,TIGER 단기통안채,101299,2052439,0.0006315935116347,단기자금,-0.0581934605185476,0.701317835889481,12.0,-0.2698326861219747,0.4834198846255556,7.0
2023-01-25,423160,KODEX KOFR금리액티브(합성),100193,46635,0.0005787152682916,단기자금,-0.0581934605185476,0.701317835889481,12.0,-0.2698326861219747,0.4834198846255556,7.0
2023-01-26,157450,TIGER 단기통안채,101323,217293,0.0008878542134809,단기자금,0.034356817677235,0.7070609268930524,8.0,0.1069577637438972,0.4657809114309477,12.0
2023-01-26,423160,KODEX KOFR금리액티브(합성),100203,25532,0.0005686835130287,단기자금,0.034356817677235,0.7070609268930524,8.0,0.1069577637438972,0.4657809114309477,12.0
2023-01-27,157450,TIGER 단기통안채,101328,2146139,0.0009272503746995,단기자금,-0.2860000211689372,0.4875135119213149,7.0,-0.3586503276601434,0.510231004779718,8.0
2023-01-27,423160,KODEX KOFR금리액티브(합성),100222,29327,0.0006682925375027,단기자금,-0.2860000211689372,0.4875135119213149,7.0,-0.3586503276601434,0.510231004779718,8.0
2023-01-30,157450,TIGER 단기통안채,101338,359425,0.0007398237584101,단기자금,-0.21321097665259,0.4215967051508861,4.0,0.044147392226891,0.4220002135130202,11.0
2023-01-30,423160,KODEX KOFR금리액티브(합성),100236,48976,0.0006283192666867,단기자금,-0.21321097665259,0.4215967051508861,4.0,0.044147392226891,0.4220002135130202,11.0
2023-01-31,157450,TIGER 단기통안채,101353,553508,0.0007298550476875,단기자금,0.0834705074706177,0.4797054490008154,13.0,0.026284049420307,0.5139900865541566,12.0
2023-01-31,423160,KODEX KOFR금리액티브(합성),100246,42154,0.0006282566086319,단기자금,0.0834705074706177,0.4797054490008154,13.0,0.026284049420307,0.5139900865541566,12.0
2023-02-01,157450,TIGER 단기통안채,101363,1177638,0.0007297830698647,단기자금,0.0154991317467647,0.4441169004952959,11.0,-0.2020087859282891,0.4730748428921613,15.0
2023-02-01,423160,KODEX KOFR금리액티브(합성),100251,65038,0.0006780675335829,단기자금,0.0154991317467647,0.4441169004952959,11.0,-0.2020087859282891,0.4730748428921613,15.0
2023-02-02,157450,TIGER 단기통안채,101413,1795404,0.0004830560784014,단기자금,-0.3282722239552337,0.5134836022432744,6.0,-0.0792317212160144,0.572477713864316,14.0
2023-02-02,423160,KODEX KOFR금리액티브(합성),100260,24525,0.0006879739439504,단기자금,-0.3282722239552337,0.5134836022432744,6.0,-0.0792317212160144,0.572477713864316,14.0
2023-02-03,157450,TIGER 단기통안채,101422,630216,0.0005914127050115,단기자금,0.1038641321458271,0.5585221283771696,10.0,-0.1266440912885101,0.4789860607572506,19.0
2023-02-03,423160,KODEX KOFR금리액티브(합성),100289,20929,0.000677810697482,단기자금,0.1038641321458271,0.5585221283771696,10.0,-0.1266440912885101,0.4789860607572506,19.0
2023-02-06,157450,TIGER 단기통안채,101413,1616525,0.0006801547860728,단기자금,-0.0212455358595569,0.253928909643077,47.0,-0.006379801986946,0.1612247870278634,9.0
2023-02-06,423160,KODEX KOFR금리액티브(합성),100299,14762,0.000617960749258,단기자금,-0.0212455358595569,0.253928909643077,47.0,-0.006379801986946,0.1612247870278634,9.0
2023-02-07,157450,TIGER 단기통안채,101427,47942,0.0005913835590316,단기자금,-0.3984346415338223,0.8924437671329493,5.0,-0.0755233848467469,0.3556865380338329,10.0
2023-02-07,423160,KODEX KOFR금리액티브(합성),100309,25008,0.0006677131075001,단기자금,-0.3984346415338223,0.8924437671329493,5.0,-0.0755233848467469,0.3556865380338329,10.0
2023-02-08,157450,TIGER 단기통안채,101437,108980,0.0005420615224718,단기자금,-0.0665470299393616,0.4346394837887274,14.0,-0.0828548197944959,0.4216843039050721,6.0
2023-02-08,423160,KODEX KOFR금리액티브(합성),100319,17697,0.0006676465707258,단기자금,-0.0665470299393616,0.4346394837887274,14.0,-0.0828548197944959,0.4216843039050721,6.0
2023-02-09,157450,TIGER 단기통안채,101462,1072039,0.0004926739485,단기자금,0.2218766308573182,0.4272186151491591,13.0,-0.23114741841952,0.5301817209360994,12.0
2023-02-09,423160,KODEX KOFR금리액티브(합성),100329,24844,0.0006177760260239,단기자금,0.2218766308573182,0.4272186151491591,13.0,-0.23114741841952,0.5301817209360994,12.0
2023-02-10,157450,TIGER 단기통안채,101482,20559,0.0003842307796411,단기자금,0.1488666697572019,0.34875820667074,12.0,-0.2705892523129781,0.4904837948854128,9.0
2023-02-10,423160,KODEX KOFR금리액티브(합성),100357,25721,0.0006375200686097,단기자금,0.1488666697572019,0.34875820667074,12.0,-0.2705892523129781,0.4904837948854128,9.0
2023-02-13,157450,TIGER 단기통안채,101482,8970,0.0003842307796411,단기자금,-0.1444025157640377,0.4205347740145856,6.0,-0.465996398457459,0.3999176743070864,7.0
2023-02-13,423160,KODEX KOFR금리액티브(합성),100361,37080,0.0006972389620685,단기자금,-0.1444025157640377,0.4205347740145856,6.0,-0.465996398457459,0.3999176743070864,7.0
2023-02-14,157450,TIGER 단기통안채,101487,1750595,0.0004827039394683,단기자금,0.3520058103788415,0.4853086872766282,16.0,-0.3408528580847714,0.429867447886925,9.0
2023-02-14,423160,KODEX KOFR금리액티브(합성),100376,173744,0.0006473555751753,단기자금,0.3520058103788415,0.4853086872766282,16.0,-0.3408528580847714,0.429867447886925,9.0
2023-02-15,157450,TIGER 단기통안채,101492,910968,0.0003841929286796,단기자금,0.2474322386324274,0.4948953757756436,4.0,-0.223429342562502,0.6393812363275363,11.0
2023-02-15,423160,KODEX KOFR금리액티브(합성),100386,44817,0.0006472911094022,단기자금,0.2474322386324274,0.4948953757756436,4.0,-0.223429342562502,0.6393812363275363,11.0
2023-02-16,157450,TIGER 단기통안채,101512,366727,0.0004825850896068,단기자금,0.2405766741087843,0.5285468887595969,7.0,0.0626042298972606,0.2586038770250498,5.0
2023-02-16,423160,KODEX KOFR금리액티브(합성),100391,46832,0.0006970306776548,단기자금,0.2405766741087843,0.5285468887595969,7.0,0.0626042298972606,0.2586038770250498,5.0
2023-02-17,157450,TIGER 단기통안채,101521,261420,0.0006400567407229,단기자금,-0.1106485016878448,0.5978852063179273,9.0,-0.2876832311352094,0.4070962273631798,9.0
2023-02-17,423160,KODEX KOFR금리액티브(합성),100421,51660,0.000597306167025,단기자금,-0.1106485016878448,0.5978852063179273,9.0,-0.2876832311352094,0.4070962273631798,9.0
2023-02-20,157450,TIGER 단기통안채,101521,322356,0.0006892749101137,단기자금,0.2782673832063499,0.4615452033573099,11.0,0.0818493515253067,0.0928400663754331,2.0
2023-02-20,423160,KODEX KOFR금리액티브(합성),100431,23911,0.0006470011722417,단기자금,0.2782673832063499,0.4615452033573099,11.0,0.0818493515253067,0.0928400663754331,2.0
2023-02-21,157450,TIGER 단기통안채,101536,229457,0.0005415331427549,단기자금,0.0391844667998763,0.9417934413388196,3.0,0.1202076054178178,0.4034024469360343,8.0
2023-02-21,423160,KODEX KOFR금리액티브(합성),100441,35147,0.0007464283750469,단기자금,0.0391844667998763,0.9417934413388196,3.0,0.1202076054178178,0.4034024469360343,8.0
2023-02-22,157450,TIGER 단기통안채,101531,572675,0.0008761955953335,단기자금,-0.0005133300102897,0.5796084255313604,10.0,-0.1050318631936203,0.4683048744512646,11.0
2023-02-22,423160,KODEX KOFR금리액티브(합성),100451,36480,0.0007960912342905,단기자금,-0.0005133300102897,0.5796084255313604,10.0,-0.1050318631936203,0.4683048744512646,11.0
2023-02-23,157450,TIGER 단기통안채,101561,615823,0.0006791639654544,단기자금,0.1988826485727865,0.3893609917607565,6.0,-0.047459627687931,0.5655006352212238,5.0
2023-02-23,423160,KODEX KOFR금리액티브(합성),100461,39675,0.0008954689870659,단기자금,0.1988826485727865,0.3893609917607565,6.0,-0.047459627687931,0.5655006352212238,5.0
2023-02-24,157450,TIGER 단기통안채,101586,1444733,0.0005314280778137,단기자금,0.3244194872211665,0.6375340321294607,5.0,-0.1209441870450973,0.4642624252196629,5.0
2023-02-24,423160,KODEX KOFR금리액티브(합성),100481,59430,0.0008455734735104,단기자금,0.3244194872211665,0.6375340321294607,5.0,-0.1209441870450973,0.4642624252196629,5.0
2023-02-27,157450,TIGER 단기통안채,101591,1254216,0.0006297787126463,단기자금,0.4338706795165813,0.5315300838632766,9.0,-0.0906718491830609,0.4385631445035302,11.0
2023-02-27,423160,KODEX KOFR금리액티브(합성),100496,63352,0.0007957349031322,단기자금,0.4338706795165813,0.5315300838632766,9.0,-0.0906718491830609,0.4385631445035302,11.0
2023-02-28,157450,TIGER 단기통안채,101591,2001133,0.0007773257435292,단기자금,0.0036706035025417,0.0,1.0,-0.1610153941437602,0.3487831922900139,12.0
2023-02-28,423160,KODEX KOFR금리액티브(합성),100516,67547,0.0006961641637293,단기자금,0.0036706035025417,0.0,1.0,-0.1610153941437602,0.3487831922900139,12.0
2023-03-02,157450,TIGER 단기통안채,101620,360067,0.0006394333854533,단기자금,0.0053787557691975,0.7061149923803905,5.0,,,
2023-03-02,423160,KODEX KOFR금리액티브(합성),100531,37397,0.0006364169939256,단기자금,0.0053787557691975,0.7061149923803905,5.0,,,
2023-03-03,157450,TIGER 단기통안채,101630,557059,0.0008261862142777,단기자금,0.2499180750783125,0.4999157861998671,4.0,,,
2023-03-03,423160,KODEX KOFR금리액티브(합성),100551,43897,0.0006859835931187,단기자금,0.2499180750783125,0.4999157861998671,4.0,,,
2023-03-06,157450,TIGER 단기통안채,101640,37802,0.0008752563633773,단기자금,0.2223689544902299,0.6431411065267691,10.0,,,
2023-03-06,423160,KODEX KOFR금리액티브(합성),100566,31433,0.000636195572067,단기자금,0.2223689544902299,0.6431411065267691,10.0,,,
2023-03-07,157450,TIGER 단기통안채,101655,22185,0.0009734083331327,단기자금,0.1026811321969742,0.547040835043793,18.0,,,
2023-03-07,423160,KODEX KOFR금리액티브(합성),100576,134104,0.0006361323369734,단기자금,0.1026811321969742,0.547040835043793,18.0,,,
2023-03-08,157450,TIGER 단기통안채,101670,14887,0.0007767219775125,단기자금,-0.0854893036060578,0.1099957375412782,3.0,,,
2023-03-08,423160,KODEX KOFR금리액티브(합성),100586,34980,0.0005863907816454,단기자금,-0.0854893036060578,0.1099957375412782,3.0,,,
2023-03-09,157450,TIGER 단기통안채,101685,353849,0.0011204813344249,단기자금,-0.1699651900361156,0.5713472330740281,15.0,,,
2023-03-09,423160,KODEX KOFR금리액티브(합성),100595,25379,0.0006956176371133,단기자금,-0.1699651900361156,0.5713472330740281,15.0,,,
2023-03-10,157450,TIGER 단기통안채,101714,2501,0.0009728439745888,단기자금,-0.0001458855618289,0.0003398189109882,9.0,,,
2023-03-10,423160,KODEX KOFR금리액티브(합성),100620,23096,0.000625922137841,단기자금,-0.0001458855618289,0.0003398189109882,9.0,,,
2023-03-13,157450,TIGER 단기통안채,101729,251455,0.0008744909595499,단기자금,-0.1790427925767764,0.4608712512761203,23.0,,,
2023-03-13,423160,KODEX KOFR금리액티브(합성),100630,62149,0.0006258599569477,단기자금,-0.1790427925767764,0.4608712512761203,23.0,,,
2023-03-14,157450,TIGER 단기통안채,101754,468547,0.0007760810264425,단기자금,-0.2002728901385456,0.5198610690690071,11.0,,,
2023-03-14,423160,KODEX KOFR금리액티브(합성),100640,88836,0.0006257977884107,단기자금,-0.2002728901385456,0.5198610690690071,11.0,,,
2023-03-15,157450,TIGER 단기통안채,101749,223761,0.0008743191428681,단기자금,-0.170603293814652,0.4683158362708992,21.0,,,
2023-03-15,423160,KODEX KOFR금리액티브(합성),100645,42576,0.0006257667087723,단기자금,-0.170603293814652,0.4683158362708992,21.0,,,
2023-03-16,157450,TIGER 단기통안채,101799,1437090,0.0006775766583668,단기자금,-0.0513601915003164,0.4803577765559574,20.0,,,
2023-03-16,423160,KODEX KOFR금리액티브(합성),100665,26566,0.0005760025582812,단기자금,-0.0513601915003164,0.4803577765559574,20.0,,,
2023-03-17,157450,TIGER 단기통안채,101813,890057,0.0006382216416671,단기자금,-0.1813683601892535,0.4052859639248969,16.0,,,
2023-03-17,423160,KODEX KOFR금리액티브(합성),100683,64263,0.000625530604374,단기자금,-0.1813683601892535,0.4052859639248969,16.0,,,
2023-03-20,157450,TIGER 단기통안채,101818,1146429,0.0006872650069738,단기자금,0.0973009129686235,0.5868526700055199,18.0,,,
2023-03-20,423160,KODEX KOFR금리액티브(합성),100693,66453,0.0006750921062135,단기자금,0.0973009129686235,0.5868526700055199,18.0,,,
2023-03-21,157450,TIGER 단기통안채,101833,3341148,0.0006871638076173,단기자금,-0.2146569198570928,0.3947208912708613,11.0,,,
2023-03-21,423160,KODEX KOFR금리액티브(합성),100703,57722,0.0006254064104496,단기자금,-0.2146569198570928,0.3947208912708613,11.0,,,
2023-03-22,157450,TIGER 단기통안채,101838,2511162,0.0007263804000352,단기자금,0.039337095271944,0.3901429120686087,23.0,,,
2023-03-22,423160,KODEX KOFR금리액티브(합성),100708,106552,0.0006749915882338,단기자금,0.039337095271944,0.3901429120686087,23.0,,,
2023-03-23,157450,TIGER 단기통안채,101868,3379515,0.0007261665595592,단기자금,0.0888687633017252,0.5850910964636622,25.0,,,
2023-03-23,423160,KODEX KOFR금리액티브(합성),100723,121518,0.0006748911001821,단기자금,0.0888687633017252,0.5850910964636622,25.0,,,
2023-03-24,157450,TIGER 단기통안채,101878,3097311,0.0007260953073746,단기자금,-0.2226874420021987,0.5438677423992431,18.0,,,
2023-03-24,423160,KODEX KOFR금리액티브(합성),100746,211117,0.000635059260464,단기자금,-0.2226874420021987,0.5438677423992431,18.0,,,
2023-03-27,157450,TIGER 단기통안채,101888,2534750,0.0008240950137725,단기자금,-0.0627883715442294,0.4978311803619978,14.0,,,
2023-03-27,423160,KODEX KOFR금리액티브(합성),100761,678316,0.0006250465267871,단기자금,-0.0627883715442294,0.4978311803619978,14.0,,,
2023-03-28,157450,TIGER 단기통안채,101903,5943460,0.0006768853722576,단기자금,0.0307966043273106,0.4095878701974461,19.0,,,
2023-03-28,423160,KODEX KOFR금리액티브(합성),100766,2310232,0.0006746032001867,단기자금,0.0307966043273106,0.4095878701974461,19.0,,,
2023-03-29,157450,TIGER 단기통안채,101912,4695621,0.0007356583738271,단기자금,-0.0056027231148618,0.0100593274559181,6.0,,,
2023-03-29,423160,KODEX KOFR금리액티브(합성),100776,1332538,0.0007142007207523,단기자금,-0.0056027231148618,0.0100593274559181,6.0,,,
2023-03-30,157450,TIGER 단기통안채,101942,5100958,0.0007746503429597,단기자금,0.0552105266574977,0.5185584380708914,18.0,,,
2023-03-30,423160,KODEX KOFR금리액티브(합성),100791,793303,0.0006149451702395,단기자금,0.0552105266574977,0.5185584380708914,18.0,,,
2023-03-31,157450,TIGER 단기통안채,101952,3647404,0.00077457439051,단기자금,0.0656073637631683,0.6429685898753904,12.0,,,
2023-03-31,423160,KODEX KOFR금리액티브(합성),100810,1081739,0.0006743088589953,단기자금,0.0656073637631683,0.6429685898753904,12.0,,,
2023-04-03,157450,TIGER 단기통안채,101972,4610195,0.0007744225302861,단기자금,-0.0258635191336604,0.5217227177774788,9.0,,,
2023-04-03,423160,KODEX KOFR금리액티브(합성),100824,144654,0.0006841267983475,단기자금,-0.0258635191336604,0.5217227177774788,9.0,,,
2023-04-04,157450,TIGER 단기통안채,101972,2860583,0.0009703837697792,단기자금,0.1111178072323026,0.6000927979527273,9.0,,,
2023-04-04,423160,KODEX KOFR금리액티브(합성),100834,172800,0.0006345052063849,단기자금,0.1111178072323026,0.6000927979527273,9.0,,,
2023-04-05,157450,TIGER 단기통안채,101987,1972523,0.0006763280546771,단기자금,-0.0383708957833732,0.8608903971542883,12.0,,,
2023-04-05,423160,KODEX KOFR금리액티브(합성),100848,406779,0.0006443267256681,단기자금,-0.0383708957833732,0.8608903971542883,12.0,,,
2023-04-06,157450,TIGER 단기통안채,102021,3319091,0.0007348726796418,단기자금,0.3878626197086608,0.4539704286274694,6.0,,,
2023-04-06,423160,KODEX KOFR금리액티브(합성),100853,168433,0.0006938387400694,단기자금,0.3878626197086608,0.4539704286274694,6.0,,,
2023-04-07,157450,TIGER 단기통안채,102031,5873325,0.0006368584478977,단기자금,-0.1650431289104744,0.8079555976561872,5.0,,,
2023-04-07,423160,KODEX KOFR금리액티브(합성),100878,253176,0.0006441351717363,단기자금,-0.1650431289104744,0.8079555976561872,5.0,,,
2023-04-10,157450,TIGER 단기통안채,102051,2010638,0.0005290072421022,단기자금,-0.1541654539250885,0.3530917128296701,8.0,,,
2023-04-10,423160,KODEX KOFR금리액티브(합성),100893,311862,0.0005945126657671,단기자금,-0.1541654539250885,0.3530917128296701,8.0,,,
2023-04-11,157450,TIGER 단기통안채,102071,989054,0.0003820140020316,단기자금,0.2804682762289303,0.482640491276859,4.0,,,
2023-04-11,423160,KODEX KOFR금리액티브(합성),100898,313757,0.0006935293987666,단기자금,0.2804682762289303,0.482640491276859,4.0,,,
2023-04-12,157450,TIGER 단기통안채,102056,1948134,0.0006269101372939,단기자금,-0.0907272276364727,0.5384718161343934,11.0,,,
2023-04-12,423160,KODEX KOFR금리액티브(합성),100913,347599,0.0006439118360486,단기자금,-0.0907272276364727,0.5384718161343934,11.0,,,
2023-04-13,157450,TIGER 단기통안채,102096,1204827,0.0004308740935066,단기자금,-0.1068212894995213,0.605626313409464,16.0,,,
2023-04-13,423160,KODEX KOFR금리액티브(합성),100923,424252,0.0006438480542954,단기자금,-0.1068212894995213,0.605626313409464,16.0,,,
2023-04-14,157450,TIGER 단기통안채,102096,851908,0.0005777205657846,단기자금,-0.0952201308091822,0.2525745660833077,21.0,,,
2023-04-14,423160,KODEX KOFR금리액티브(합성),100943,341381,0.0006437205286875,단기자금,-0.0952201308091822,0.2525745660833077,21.0,,,
2023-04-17,157450,TIGER 단기통안채,102105,2964719,0.0005874577933671,단기자금,0.166749136396902,0.4072691742150977,6.0,,,
2023-04-17,423160,KODEX KOFR금리액티브(합성),100953,236952,0.0007426441442213,단기자금,0.166749136396902,0.4072691742150977,6.0,,,
2023-04-18,157450,TIGER 단기통안채,102110,1038662,0.0007342323930519,단기자금,0.1215439146893148,0.5236211951563113,19.0,,,
2023-04-18,423160,KODEX KOFR금리액티브(합성),100968,294451,0.0006930487490652,단기자금,0.1215439146893148,0.5236211951563113,19.0,,,
2023-04-19,157450,TIGER 단기통안채,102120,590064,0.0005873715293684,단기자금,0.2038333143440727,0.48195303244912,14.0,,,
2023-04-19,423160,KODEX KOFR금리액티브(합성),100978,392067,0.0006929801392026,단기자금,0.2038333143440727,0.48195303244912,14.0,,,
2023-04-20,157450,TIGER 단기통안채,102140,779395,0.0007242334697092,단기자금,0.0722282567438101,0.4546024905618905,21.0,,,
2023-04-20,423160,KODEX KOFR금리액티브(합성),100988,247973,0.0006929115429237,단기자금,0.0722282567438101,0.4546024905618905,21.0,,,
2023-04-21,157450,TIGER 단기통안채,102155,454719,0.0006263027791391,단기자금,0.1452806814520175,0.3621287481621612,14.0,,,
2023-04-21,423160,KODEX KOFR금리액티브(합성),101008,246676,0.0007818105744714,단기자금,0.1452806814520175,0.3621287481621612,14.0,,,
2023-04-24,157450,TIGER 단기통안채,102165,1768701,0.000528417109523,단기자금,-0.111705749595583,0.7783076769560842,9.0,,,
2023-04-24,423160,KODEX KOFR금리액티브(합성),101028,417371,0.0007816558638769,단기자금,-0.111705749595583,0.7783076769560842,9.0,,,
2023-04-25,157450,TIGER 단기통안채,102185,1074434,0.0006261189634884,단기자금,-0.389007936915732,0.6847663035794448,10.0,,,
2023-04-25,423160,KODEX KOFR금리액티브(합성),101038,367308,0.0007716889487294,단기자금,-0.389007936915732,0.6847663035794448,10.0,,,
2023-04-26,157450,TIGER 단기통안채,102180,1613152,0.0007728467066669,단기자금,-0.1933045587241341,0.5146839251011571,17.0,,,
2023-04-26,423160,KODEX KOFR금리액티브(합성),101048,348086,0.0009100441801628,단기자금,-0.1933045587241341,0.5146839251011571,17.0,,,
2023-04-27,157450,TIGER 단기통안채,102214,804610,0.0006357186034637,단기자금,-0.0623407695900543,0.4489810903258093,26.0,,,
2023-04-27,423160,KODEX KOFR금리액티브(합성),101058,276248,0.0010582377868537,단기자금,-0.0623407695900543,0.4489810903258093,26.0,,,
2023-04-28,157450,TIGER 단기통안채,102219,1008771,0.000635687517434,단기자금,-0.3560472287479735,0.5100147614772966,11.0,,,
2023-04-28,423160,KODEX KOFR금리액티브(합성),101087,324313,0.0008701585621881,단기자금,-0.3560472287479735,0.5100147614772966,11.0,,,
2023-05-02,157450,TIGER 단기통안채,102219,598537,0.0007823272678226,단기자금,0.0300463324761949,0.5254347204628439,20.0,,,
2023-05-02,423160,KODEX KOFR금리액티브(합성),101107,130242,0.0007711625162194,단기자금,0.0300463324761949,0.5254347204628439,20.0,,,
2023-05-03,157450,TIGER 단기통안채,102249,532898,0.0006257271838183,단기자금,0.0503899671433221,0.5242923894182878,12.0,,,
2023-05-03,423160,KODEX KOFR금리액티브(합성),101116,150465,0.0008205027274943,단기자금,0.0503899671433221,0.5242923894182878,12.0,,,
2023-05-04,157450,TIGER 단기통안채,102259,600552,0.0007233909754731,단기자금,-0.0538401061385229,0.5581338298694541,21.0,,,
2023-05-04,423160,KODEX KOFR금리액티브(합성),101140,219337,0.0008203081062667,단기자금,-0.0538401061385229,0.5581338298694541,21.0,,,
2023-05-08,157450,TIGER 단기통안채,102279,443298,0.0004789670044207,단기자금,-0.0797918218752329,0.6522073351680275,16.0,,,
2023-05-08,423160,KODEX KOFR금리액티브(합성),101165,163180,0.0007213332130984,단기자금,-0.0797918218752329,0.6522073351680275,16.0,,,
2023-05-09,157450,TIGER 단기통안채,102284,345571,0.0005766590101501,단기자금,-0.1664021017277264,0.5715396292672247,20.0,,,
2023-05-09,423160,KODEX KOFR금리액티브(합성),101175,183132,0.0007212619432035,단기자금,-0.1664021017277264,0.5715396292672247,20.0,,,
2023-05-10,157450,TIGER 단기통안채,102299,656261,0.0004788733862355,단기자금,0.1650839587233955,0.5674334502330215,12.0,,,
2023-05-10,423160,KODEX KOFR금리액티브(합성),101185,279961,0.0007211906873934,단기자금,0.1650839587233955,0.5674334502330215,12.0,,,
2023-05-11,157450,TIGER 단기통안채,102313,319804,0.0005862638550606,단기자금,-0.0023599940555868,0.4579615579716814,10.0,,,
2023-05-11,423160,KODEX KOFR금리액티브(합성),101199,200815,0.000681592582211,단기자금,-0.0023599940555868,0.4579615579716814,10.0,,,
2023-05-12,157450,TIGER 단기통안채,102333,1025070,0.0002931176008793,단기자금,-0.0127576709780745,0.5186933100981346,15.0,,,
2023-05-12,423160,KODEX KOFR금리액티브(합성),101223,382216,0.0006715585347745,단기자금,-0.0127576709780745,0.5186933100981346,15.0,,,
2023-05-15,157450,TIGER 단기통안채,102328,1771877,0.000439665665775,단기자금,0.042258408730413,0.4808466723645253,10.0,,,
2023-05-15,423160,KODEX KOFR금리액티브(합성),101238,318919,0.0006714590662255,단기자금,0.042258408730413,0.4808466723645253,10.0,,,
2023-05-16,157450,TIGER 단기통안채,102343,470806,0.0003419287746844,단기자금,-0.2476149105509648,0.7041607946344502,8.0,,,
2023-05-16,423160,KODEX KOFR금리액티브(합성),101248,172389,0.0006713927702293,단기자금,-0.2476149105509648,0.7041607946344502,8.0,,,
2023-05-17,157450,TIGER 단기통안채,102348,690432,0.000439579768825,단기자금,-0.0781416896118874,0.2902929094369341,12.0,,,
2023-05-17,423160,KODEX KOFR금리액티브(합성),101258,199086,0.0006614573033552,단기자금,-0.0781416896118874,0.2902929094369341,12.0,,,
2023-05-18,157450,TIGER 단기통안채,102373,3567316,0.0005273437622204,단기자금,-0.17290808027922,0.495228183378342,14.0,,,
2023-05-18,423160,KODEX KOFR금리액티브(합성),101268,337166,0.0006613920074478,단기자금,-0.17290808027922,0.495228183378342,14.0,,,
2023-05-19,157450,TIGER 단기통안채,102363,1115757,0.0004785740538171,단기자금,-0.0921390953107303,0.517926149873127,22.0,,,
2023-05-19,423160,KODEX KOFR금리액티브(합성),101291,354658,0.0007303016272786,단기자금,-0.0921390953107303,0.517926149873127,22.0,,,
2023-05-22,157450,TIGER 단기통안채,102373,2277721,0.0004785273169272,단기자금,0.0902577106816655,0.2675830938899235,15.0,,,
2023-05-22,423160,KODEX KOFR금리액티브(합성),101306,1246835,0.0007795117099451,단기자금,0.0902577106816655,0.2675830938899235,15.0,,,
2023-05-23,157450,TIGER 단기통안채,102378,1672076,0.000527318014269,단기자금,-0.0223517154721776,0.6656303701494484,10.0,,,
2023-05-23,423160,KODEX KOFR금리액티브(합성),101316,1571266,0.0007794348012648,단기자금,-0.0223517154721776,0.6656303701494484,10.0,,,
2023-05-24,157450,TIGER 단기통안채,102393,1196472,0.0007712396350374,단기자금,-0.002942300347389,0.7739588714070295,11.0,,,
2023-05-24,423160,KODEX KOFR금리액티브(합성),101325,1482124,0.0007892270917242,단기자금,-0.002942300347389,0.7739588714070295,11.0,,,
2023-05-25,157450,TIGER 단기통안채,102427,1103624,0.0005856115415721,단기자금,-0.0742458341873399,0.4607387206535993,11.0,,,
2023-05-25,423160,KODEX KOFR금리액티브(합성),101335,1029120,0.0009370454166273,단기자금,-0.0742458341873399,0.4607387206535993,11.0,,,
2023-05-26,157450,TIGER 단기통안채,102412,1330173,0.0007808535125217,단기자금,-0.1476208698868504,0.7951209014133698,8.0,,,
2023-05-26,423160,KODEX KOFR금리액티브(합성),101365,761999,0.0008382023516677,단기자금,-0.1476208698868504,0.7951209014133698,8.0,,,
2023-05-30,157450,TIGER 단기통안채,102422,1724938,0.0009173506776889,단기자금,0.000271746224098,0.0011577915539999,10.0,,,
2023-05-30,423160,KODEX KOFR금리액티브(합성),101385,628601,0.0007887602085059,단기자금,0.000271746224098,0.0011577915539999,10.0,,,
2023-05-31,157450,TIGER 단기통안채,102432,240464,0.0010147926400705,단기자금,0.0768719772273801,0.4178292127027879,11.0,,,
2023-05-31,423160,KODEX KOFR금리액티브(합성),101395,621876,0.0007886824483342,단기자금,0.0768719772273801,0.4178292127027879,11.0,,,
2023-06-01,157450,TIGER 단기통안채,102472,2398532,0.0007218878655876,단기자금,0.2505702868149658,0.4357221920633347,18.0,,,
2023-06-01,423160,KODEX KOFR금리액티브(합성),101405,159157,0.000936398875746,단기자금,0.2505702868149658,0.4357221920633347,18.0,,,
2023-06-02,157450,TIGER 단기통안채,102487,303697,0.0007217822481813,단기자금,0.1292876561986174,0.3637101296602391,14.0,,,
2023-06-02,423160,KODEX KOFR금리액티브(합성),101430,169777,0.0008376654262995,단기자금,0.1292876561986174,0.3637101296602391,14.0,,,
2023-06-05,157450,TIGER 단기통안채,102492,1318587,0.0007217470492477,단기자금,0.2405029317583285,0.4686891321780541,8.0,,,
2023-06-05,423160,KODEX KOFR금리액티브(합성),101450,135833,0.0007291574613361,단기자금,0.2405029317583285,0.4686891321780541,8.0,,,
2023-06-07,157450,TIGER 단기통안채,102516,240113,0.0005851032874186,단기자금,0.0040613489873067,0.3471585236876057,18.0,,,
2023-06-07,423160,KODEX KOFR금리액티브(합성),101465,131677,0.0006798063306447,단기자금,0.0040613489873067,0.3471585236876057,18.0,,,
2023-06-08,157450,TIGER 단기통안채,102536,215322,0.0007214374465949,단기자금,0.0556645036398549,0.1756940189867622,10.0,,,
2023-06-08,423160,KODEX KOFR금리액티브(합성),101475,135375,0.0006797393609137,단기자금,0.0556645036398549,0.1756940189867622,10.0,,,
2023-06-08,459580,KODEX CD금리액티브(합성),983421,6996,0.0006769985437777,단기자금,0.0556645036398549,0.1756940189867622,10.0,,,
2023-06-09,157450,TIGER 단기통안채,102546,1115947,0.0005751860983043,단기자금,-0.1763129950513757,0.409769550617541,12.0,,,
2023-06-09,423160,KODEX KOFR금리액티브(합성),101500,130536,0.0006697264221013,단기자금,-0.1763129950513757,0.409769550617541,12.0,,,
2023-06-09,459580,KODEX CD금리액티브(합성),983694,9080,0.0007042393363292,단기자금,-0.1763129950513757,0.409769550617541,12.0,,,
2023-06-12,157450,TIGER 단기통안채,102561,1367860,0.0005263773662314,단기자금,0.013908900118126,0.6079603772146328,11.0,,,
2023-06-12,423160,KODEX KOFR금리액티브(합성),101515,140210,0.000610560750065,단기자금,0.013908900118126,0.6079603772146328,11.0,,,
2023-06-12,459580,KODEX CD금리액티브(합성),983849,6772,0.0007163167604851,단기자금,0.013908900118126,0.6079603772146328,11.0,,,
2023-06-13,157450,TIGER 단기통안채,102566,172460,0.0007212265061227,단기자금,0.0143385755102511,0.1470711752836487,49.0,,,
2023-06-13,423160,KODEX KOFR금리액티브(합성),101524,178771,0.0007187834162198,단기자금,0.0143385755102511,0.1470711752836487,49.0,,,
2023-06-13,459580,KODEX CD금리액티브(합성),983891,6004,0.0007040983793338,단기자금,0.0143385755102511,0.1470711752836487,49.0,,,
2023-06-14,157450,TIGER 단기통안채,102576,2186829,0.0005263004127211,단기자금,0.0809089305937959,0.5592729984358751,10.0,,,
2023-06-14,423160,KODEX KOFR금리액티브(합성),101534,153528,0.0006695022304263,단기자금,0.0809089305937959,0.5592729984358751,10.0,,,
2023-06-14,459580,KODEX CD금리액티브(합성),983989,8420,0.0006745767134699,단기자금,0.0809089305937959,0.5592729984358751,10.0,,,
2023-06-15,157450,TIGER 단기통안채,102610,2359107,0.0006332659685046,단기자금,-0.1338801461880441,0.4387225689312367,19.0,,,
2023-06-15,423160,KODEX KOFR금리액티브(합성),101544,175371,0.0007186418962472,단기자금,-0.1338801461880441,0.4387225689312367,19.0,,,
2023-06-15,459580,KODEX CD금리액티브(합성),984087,36049,0.0007151281389745,단기자금,-0.1338801461880441,0.4387225689312367,19.0,,,
2023-06-16,157450,TIGER 단기통안채,102605,713163,0.0006819953498951,단기자금,-0.0624835057264135,0.2795590252880903,20.0,,,
2023-06-16,423160,KODEX KOFR금리액티브(합성),101568,164917,0.0006791171738083,단기자금,-0.0624835057264135,0.2795590252880903,20.0,,,
2023-06-16,459580,KODEX CD금리액티브(합성),984387,97036,0.0007230313198647,단기자금,-0.0624835057264135,0.2795590252880903,20.0,,,
2023-06-19,157450,TIGER 단기통안채,102615,511417,0.0006332351218674,단기자금,-0.0055845493228844,0.8073259688874305,10.0,,,
2023-06-19,423160,KODEX KOFR금리액티브(합성),101577,206177,0.0007774328379639,단기자금,-0.0055845493228844,0.8073259688874305,10.0,,,
2023-06-19,459580,KODEX CD금리액티브(합성),984554,100447,0.000694489598386,단기자금,-0.0055845493228844,0.8073259688874305,10.0,,,
2023-06-20,157450,TIGER 단기통안채,102640,666429,0.0005259723303971,단기자금,0.0998100020933634,0.3157733163584756,10.0,,,
2023-06-20,423160,KODEX KOFR금리액티브(합성),101597,144757,0.0006297415316005,단기자금,0.0998100020933634,0.3157733163584756,10.0,,,
2023-06-20,459580,KODEX CD금리액티브(합성),984584,125438,0.0007117224846844,단기자금,0.0998100020933634,0.3157733163584756,10.0,,,
2023-06-21,157450,TIGER 단기통안채,102630,454183,0.0007207769118,단기자금,-0.0403767018794193,0.48284077834604,12.0,,,
2023-06-21,423160,KODEX KOFR금리액티브(합성),101602,157861,0.0007280670143234,단기자금,-0.0403767018794193,0.48284077834604,12.0,,,
2023-06-21,459580,KODEX CD금리액티브(합성),984653,315889,0.000741103242186,단기자금,-0.0403767018794193,0.48284077834604,12.0,,,
2023-06-22,157450,TIGER 단기통안채,102675,1454466,0.0006231318417526,단기자금,-0.0887440911201338,0.2836881310596363,12.0,,,
2023-06-22,423160,KODEX KOFR금리액티브(합성),101617,143923,0.0006787898127367,단기자금,-0.0887440911201338,0.2836881310596363,12.0,,,
2023-06-22,459580,KODEX CD금리액티브(합성),984791,287221,0.0007176612469983,단기자금,-0.0887440911201338,0.2836881310596363,12.0,,,
2023-06-23,157450,TIGER 단기통안채,102675,92977,0.0005257930833284,단기자금,-0.0652885928753676,0.3386591565163823,10.0,,,
2023-06-23,423160,KODEX KOFR금리액티브(합성),101637,154183,0.0006786562866523,단기자금,-0.0652885928753676,0.3386591565163823,10.0,,,
2023-06-23,459580,KODEX CD금리액티브(합성),985099,392899,0.0007133793425584,단기자금,-0.0652885928753676,0.3386591565163823,10.0,,,
2023-06-26,157450,TIGER 단기통안채,102680,178610,0.0005744356814361,단기자금,0.012657495203166,0.0282396483171306,5.0,,,
2023-06-26,423160,KODEX KOFR금리액티브(합성),101656,139735,0.0007276804034237,단기자금,0.012657495203166,0.0282396483171306,5.0,,,
2023-06-26,459580,KODEX CD금리액티브(합성),985238,410558,0.0007518198502793,단기자금,0.012657495203166,0.0282396483171306,5.0,,,
2023-06-27,157450,TIGER 단기통안채,102694,170910,0.000486764872976,단기자금,0.1035394437167269,0.2938038976768996,9.0,,,
2023-06-27,423160,KODEX KOFR금리액티브(합성),101661,131055,0.0007276446268846,단기자금,0.1035394437167269,0.2938038976768996,9.0,,,
2023-06-27,459580,KODEX CD금리액티브(합성),985285,430096,0.0007244009805003,단기자금,0.1035394437167269,0.2938038976768996,9.0,,,
2023-06-28,157450,TIGER 단기통안채,102704,3561671,0.0004867174895792,단기자금,0.2021321923123402,0.3809315131840771,11.0,,,
2023-06-28,423160,KODEX KOFR금리액티브(합성),101676,246624,0.0006292523902917,단기자금,0.2021321923123402,0.3809315131840771,11.0,,,
2023-06-28,459580,KODEX CD금리액티브(합성),985383,400248,0.0007243289622191,단기자금,0.2021321923123402,0.3809315131840771,11.0,,,
2023-06-29,157450,TIGER 단기통안채,102739,210185,0.000437907199867,단기자금,-0.0521402162371073,0.3404755128118779,22.0,,,
2023-06-29,423160,KODEX KOFR금리액티브(합성),101686,345331,0.0006586741226843,단기자금,-0.0521402162371073,0.3404755128118779,22.0,,,
2023-06-29,459580,KODEX CD금리액티브(합성),985498,689336,0.0007059926488608,단기자금,-0.0521402162371073,0.3404755128118779,22.0,,,
2023-06-30,157450,TIGER 단기통안채,102729,953988,0.0005352459582912,단기자금,-0.1288277825087789,0.5933970393348755,24.0,,,
2023-06-30,423160,KODEX KOFR금리액티브(합성),101706,110861,0.0007076723772367,단기자금,-0.1288277825087789,0.5933970393348755,24.0,,,
2023-06-30,459580,KODEX CD금리액티브(합성),985802,984803,0.0007513898784061,단기자금,-0.1288277825087789,0.5933970393348755,24.0,,,
2023-07-03,157450,TIGER 단기통안채,102739,2370228,0.000389260313014,단기자금,0.1649763267711629,0.4041879390903388,6.0,,,
2023-07-03,423160,KODEX KOFR금리액티브(합성),101730,166002,0.00066821275235,단기자금,0.1649763267711629,0.4041879390903388,6.0,,,
2023-07-03,459580,KODEX CD금리액티브(합성),985979,500150,0.0006863915793644,단기자금,0.1649763267711629,0.4041879390903388,6.0,,,
2023-07-04,157450,TIGER 단기통안채,102744,974628,0.0004281571791473,단기자금,0.1931310621614102,0.4397689148473082,5.0,,,
2023-07-04,423160,KODEX KOFR금리액티브(합성),101735,138326,0.0007172931825714,단기자금,0.1931310621614102,0.4397689148473082,5.0,,,
2023-07-04,459580,KODEX CD금리액티브(합성),985999,575658,0.0007552935536114,단기자금,0.1931310621614102,0.4397689148473082,5.0,,,
2023-07-05,157450,TIGER 단기통안채,102754,1071306,0.0004281155198881,단기자금,-0.0733578882354777,0.5051964044090754,12.0,,,
2023-07-05,423160,KODEX KOFR금리액티브(합성),101740,100481,0.0007565448859292,단기자금,-0.0733578882354777,0.5051964044090754,12.0,,,
2023-07-05,459580,KODEX CD금리액티브(합성),986097,498331,0.0007612985017537,단기자금,-0.0733578882354777,0.5051964044090754,12.0,,,
2023-07-06,157450,TIGER 단기통안채,102784,1231909,0.0004766142967511,단기자금,0.0016200197981864,0.5894972849751138,12.0,,,
2023-07-06,423160,KODEX KOFR금리액티브(합성),101753,103325,0.0007269869659012,단기자금,0.0016200197981864,0.5894972849751138,12.0,,,
2023-07-06,459580,KODEX CD금리액티브(합성),986194,545014,0.0007673029981489,단기자금,0.0016200197981864,0.5894972849751138,12.0,,,
2023-07-07,157450,TIGER 단기통안채,102784,221934,0.0006224712308053,단기자금,0.0066922577743753,0.5192949010886357,8.0,,,
2023-07-07,423160,KODEX KOFR금리액티브(합성),101778,99244,0.0006777164163622,단기자금,0.0066922577743753,0.5192949010886357,8.0,,,
2023-07-07,459580,KODEX CD금리액티브(합성),986543,705749,0.0007123355431879,단기자금,0.0066922577743753,0.5192949010886357,8.0,,,
2023-07-10,157450,TIGER 단기통안채,102779,2605256,0.0007683442560093,단기자금,0.020443530241859,0.0540637260842772,7.0,,,
2023-07-10,423160,KODEX KOFR금리액티브(합성),101798,111261,0.0006775833122034,단기자금,0.020443530241859,0.0540637260842772,7.0,,,
2023-07-10,459580,KODEX CD금리액티브(합성),986656,645232,0.0007112411863268,단기자금,0.020443530241859,0.0540637260842772,7.0,,,
2023-07-11,157450,TIGER 단기통안채,102788,1325274,0.0007779982498465,단기자금,0.1169972901789151,0.2850879735923554,6.0,,,
2023-07-11,423160,KODEX KOFR금리액티브(합성),101808,89963,0.0006775167797279,단기자금,0.1169972901789151,0.2850879735923554,6.0,,,
2023-07-11,459580,KODEX CD금리액티브(합성),986744,707896,0.0007334572299804,단기자금,0.1169972901789151,0.2850879735923554,6.0,,,
2023-07-12,157450,TIGER 단기통안채,102798,433866,0.0007779225970399,단기자금,-0.1391396130255508,0.3417816904896738,13.0,,,
2023-07-12,423160,KODEX KOFR금리액티브(합성),101817,91481,0.0006872717546571,단기자금,-0.1391396130255508,0.3417816904896738,13.0,,,
2023-07-12,459580,KODEX CD금리액티브(합성),986848,722716,0.0007252792541638,단기자금,-0.1391396130255508,0.3417816904896738,13.0,,,
2023-07-13,157450,TIGER 단기통안채,102833,1094795,0.0008165249542351,단기자금,0.2447614750884289,0.4441651883890371,12.0,,,
2023-07-13,423160,KODEX KOFR금리액티브(합성),101827,122265,0.0006872042837837,단기자금,0.2447614750884289,0.4441651883890371,12.0,,,
2023-07-13,459580,KODEX CD금리액티브(합성),986951,811048,0.0007565901946442,단기자금,0.2447614750884289,0.4441651883890371,12.0,,,
2023-07-14,157450,TIGER 단기통안채,102848,615436,0.0007192496786707,단기자금,-0.0001511671295399,0.0003550351155924,9.0,,,
2023-07-14,423160,KODEX KOFR금리액티브(합성),101847,96847,0.0007361277072259,단기자금,-0.0001511671295399,0.0003550351155924,9.0,,,
2023-07-14,459580,KODEX CD금리액티브(합성),987246,799572,0.0007330844144881,단기자금,-0.0001511671295399,0.0003550351155924,9.0,,,
2023-07-17,157450,TIGER 단기통안채,102858,1091090,0.0007191797773415,단기자금,-0.0310294664751771,0.0786566390221359,7.0,,,
2023-07-17,423160,KODEX KOFR금리액티브(합성),101867,99935,0.0006869345327142,단기자금,-0.0310294664751771,0.0786566390221359,7.0,,,
2023-07-17,459580,KODEX CD금리액티브(합성),987358,921653,0.0007562784376151,단기자금,-0.0310294664751771,0.0786566390221359,7.0,,,
2023-07-18,157450,TIGER 단기통안채,102868,2457425,0.0008162472516151,단기자금,0.1468039851155481,0.2037312181197665,5.0,,,
2023-07-18,423160,KODEX KOFR금리액티브(합성),101877,115315,0.0006378208332247,단기자금,0.1468039851155481,0.2037312181197665,5.0,,,
2023-07-18,459580,KODEX CD금리액티브(합성),987468,996040,0.0007207762018595,단기자금,0.1468039851155481,0.2037312181197665,5.0,,,
2023-07-19,157450,TIGER 단기통안채,102878,1527134,0.0007190400154328,단기자금,0.1382997534326153,0.3651524587256357,7.0,,,
2023-07-19,423160,KODEX KOFR금리액티브(합성),101887,122011,0.0006867997365791,단기자금,0.1382997534326153,0.3651524587256357,7.0,,,
2023-07-19,459580,KODEX CD금리액티브(합성),987564,1066087,0.0007267773213133,단기자금,0.1382997534326153,0.3651524587256357,7.0,,,
2023-07-20,157450,TIGER 단기통안채,102917,404086,0.0007187676358952,단기자금,0.1824451789812883,0.6331878539998338,10.0,,,
2023-07-20,423160,KODEX KOFR금리액티브(합성),101897,104851,0.0006867323583463,단기자금,0.1824451789812883,0.6331878539998338,10.0,,,
2023-07-20,459580,KODEX CD금리액티브(합성),987698,1394841,0.0008996678717529,단기자금,0.1824451789812883,0.6331878539998338,10.0,,,
2023-07-21,157450,TIGER 단기통안채,102922,270412,0.0008643588501229,단기자금,-0.165114210713202,0.3912422586459708,9.0,,,
2023-07-21,423160,KODEX KOFR금리액티브(합성),101922,107105,0.0006375393160826,단기자금,-0.165114210713202,0.3912422586459708,9.0,,,
2023-07-21,459580,KODEX CD금리액티브(합성),987970,1419116,0.0007234444363675,단기자금,-0.165114210713202,0.3912422586459708,9.0,,,
2023-07-24,157450,TIGER 단기통안채,102932,207573,0.0006701208896302,단기자금,0.4023669853668252,0.491313316882549,4.0,,,
2023-07-24,423160,KODEX KOFR금리액티브(합성),101937,126222,0.0006178378813466,단기자금,0.4023669853668252,0.491313316882549,4.0,,,
2023-07-24,459580,KODEX CD금리액티브(합성),988105,1304050,0.0007061532747147,단기자금,0.4023669853668252,0.491313316882549,4.0,,,
2023-07-25,157450,TIGER 단기통안채,102952,172464,0.0005729184524785,단기자금,0.0064610633162374,0.008982941350355,5.0,,,
2023-07-25,423160,KODEX KOFR금리액티브(합성),101942,109277,0.0007158371923221,단기자금,0.0064610633162374,0.008982941350355,5.0,,,
2023-07-25,459580,KODEX CD금리액티브(합성),988180,1296230,0.0007010434504088,단기자금,0.0064610633162374,0.008982941350355,5.0,,,
2023-07-26,157450,TIGER 단기통안채,102952,1309306,0.0008155815353934,단기자금,-0.0843352680656773,0.3364601643282128,11.0,,,
2023-07-26,423160,KODEX KOFR금리액티브(합성),101957,113729,0.000656923952814,단기자금,-0.0843352680656773,0.3364601643282128,11.0,,,
2023-07-26,459580,KODEX CD금리액티브(합성),988282,1284781,0.0006908595913071,단기자금,-0.0843352680656773,0.3364601643282128,11.0,,,
2023-07-27,157450,TIGER 단기통안채,102991,864485,0.0006794401674614,단기자금,0.2213066968401108,0.589431465293181,10.0,,,
2023-07-27,423160,KODEX KOFR금리액티브(합성),101967,251410,0.0006078550746977,단기자금,0.2213066968401108,0.589431465293181,10.0,,,
2023-07-27,459580,KODEX CD금리액티브(합성),988587,1350060,0.0006906465200966,단기자금,0.2213066968401108,0.589431465293181,10.0,,,
2023-07-28,157450,TIGER 단기통안채,103011,801356,0.0005337810750916,단기자금,0.0126140656299564,0.1956491595237517,12.0,,,
2023-07-28,423160,KODEX KOFR금리액티브(합성),101987,111673,0.0006567307786973,단기자금,0.0126140656299564,0.1956491595237517,12.0,,,
2023-07-28,459580,KODEX CD금리액티브(합성),988685,1366822,0.0006976532845186,단기자금,0.0126140656299564,0.1956491595237517,12.0,,,
2023-07-31,157450,TIGER 단기통안채,103001,222007,0.0008151937021612,단기자금,0.1992483879970677,0.447286223366346,5.0,,,
2023-07-31,423160,KODEX KOFR금리액티브(합성),102000,117539,0.0006762418851415,단기자금,0.1992483879970677,0.447286223366346,5.0,,,
2023-07-31,459580,KODEX CD금리액티브(합성),988803,1945827,0.0007390045611739,단기자금,0.1992483879970677,0.447286223366346,5.0,,,
2023-08-01,157450,TIGER 단기통안채,103011,88598,0.000679308296215,단기자금,0.001087188765351,0.1548733582419305,11.0,-0.2936871708370745,0.350503316390971,8.0
2023-08-01,423160,KODEX KOFR금리액티브(합성),102015,144375,0.0006271620145401,단기자금,0.001087188765351,0.1548733582419305,11.0,-0.2936871708370745,0.350503316390971,8.0
2023-08-01,459580,KODEX CD금리액티브(합성),988873,1331888,0.000718741959627,단기자금,0.001087188765351,0.1548733582419305,11.0,-0.2936871708370745,0.350503316390971,8.0
2023-08-02,157450,TIGER 단기통안채,103036,759420,0.0007179378030954,단기자금,0.0223640618890688,0.5056335140416254,9.0,-0.2766833893954754,0.3363292485365455,5.0
2023-08-02,423160,KODEX KOFR금리액티브(합성),102024,115598,0.0005879240571484,단기자금,0.0223640618890688,0.5056335140416254,9.0,-0.2766833893954754,0.3363292485365455,5.0
2023-08-02,459580,KODEX CD금리액티브(합성),988965,1033431,0.0007206959829151,단기자금,0.0223640618890688,0.5056335140416254,9.0,-0.2766833893954754,0.3363292485365455,5.0
2023-08-03,157450,TIGER 단기통안채,103061,1566578,0.0007177637119717,단기자금,-0.0318246488393924,0.0591770821611151,5.0,-0.0406502969563007,0.3267347376655939,11.0
2023-08-03,423160,KODEX KOFR금리액티브(합성),102029,88827,0.0006858442030868,단기자금,-0.0318246488393924,0.0591770821611151,5.0,-0.0406502969563007,0.3267347376655939,11.0
2023-08-03,459580,KODEX CD금리액티브(합성),989270,1040111,0.0007184536277442,단기자금,-0.0318246488393924,0.0591770821611151,5.0,-0.0406502969563007,0.3267347376655939,11.0
2023-08-04,157450,TIGER 단기통안채,103066,773009,0.0009600885182603,단기자금,-0.0002618877973873,0.0005600670572147,5.0,-0.1790877790613607,0.4375559699438294,11.0
2023-08-04,423160,KODEX KOFR금리액티브(합성),102054,128505,0.0006758841850622,단기자금,-0.0002618877973873,0.0005600670572147,5.0,-0.1790877790613607,0.4375559699438294,11.0
2023-08-04,459580,KODEX CD금리액티브(합성),989375,1296162,0.0008082645485618,단기자금,-0.0002618877973873,0.0005600670572147,5.0,-0.1790877790613607,0.4375559699438294,11.0
2023-08-07,157450,TIGER 단기통안채,103085,691180,0.0007272903906123,단기자금,5.057272574049421e-06,2.451316942920724e-05,2.0,-0.2793804315539698,0.4809940039931165,12.0
2023-08-07,423160,KODEX KOFR금리액티브(합성),102069,80355,0.0007736868521295,단기자금,5.057272574049421e-06,2.451316942920724e-05,2.0,-0.2793804315539698,0.4809940039931165,12.0
2023-08-07,459580,KODEX CD금리액티브(합성),989534,1359565,0.0007717826946151,단기자금,5.057272574049421e-06,2.451316942920724e-05,2.0,-0.2793804315539698,0.4809940039931165,12.0
2023-08-08,157450,TIGER 단기통안채,103081,1504126,0.0008630261722277,단기자금,0.0111736460319662,0.7072961402146264,5.0,-0.245363083978494,0.3606827439349118,3.0
2023-08-08,423160,KODEX KOFR금리액티브(합성),102079,85071,0.0008225536837294,단기자금,0.0111736460319662,0.7072961402146264,5.0,-0.245363083978494,0.3606827439349118,3.0
2023-08-08,459580,KODEX CD금리액티브(합성),989584,1336884,0.0008091036210142,단기자금,0.0111736460319662,0.7072961402146264,5.0,-0.245363083978494,0.3606827439349118,3.0
2023-08-09,157450,TIGER 단기통안채,103110,2904348,0.0010081232315002,단기자금,0.1380225550119576,0.3503547427092198,8.0,-0.3531822203235192,0.4250222120087785,11.0
2023-08-09,423160,KODEX KOFR금리액티브(합성),102084,124172,0.0008714512171668,단기자금,0.1380225550119576,0.3503547427092198,8.0,-0.3531822203235192,0.4250222120087785,11.0
2023-08-09,459580,KODEX CD금리액티브(합성),989678,1264476,0.0009988159459304,단기자금,0.1380225550119576,0.3503547427092198,8.0,-0.3531822203235192,0.4250222120087785,11.0
2023-08-10,157450,TIGER 단기통안채,103135,1884059,0.0008141349781425,단기자금,-0.0797699080857065,0.556331021519701,14.0,-0.1012684155542116,0.4774377282074916,13.0
2023-08-10,423160,KODEX KOFR금리액티브(합성),102099,143638,0.0009593923279656,단기자금,-0.0797699080857065,0.556331021519701,14.0,-0.1012684155542116,0.4774377282074916,13.0
2023-08-10,459580,KODEX CD금리액티브(합성),989981,1325116,0.000786574357944,단기자금,-0.0797699080857065,0.556331021519701,14.0,-0.1012684155542116,0.4774377282074916,13.0
2023-08-11,157450,TIGER 단기통안채,103165,1269955,0.0004264103100837,단기자금,0.0261350278815371,0.4766202073430531,8.0,-0.1504324468163152,0.490025332561431,12.0
2023-08-11,423160,KODEX KOFR금리액티브(합성),102123,76492,0.0008221994296686,단기자금,0.0261350278815371,0.4766202073430531,8.0,-0.1504324468163152,0.490025332561431,12.0
2023-08-11,459580,KODEX CD금리액티브(합성),990175,1814839,0.0007410084919019,단기자금,0.0261350278815371,0.4766202073430531,8.0,-0.1504324468163152,0.490025332561431,12.0
2023-08-14,157450,TIGER 단기통안채,103160,540247,0.0005717636155555,단기자금,-0.3338564794339618,0.5156787581281804,6.0,-0.0891803496263243,0.4431209022322122,11.0
2023-08-14,423160,KODEX KOFR금리액티브(합성),102148,81526,0.0007046113185911,단기자금,-0.3338564794339618,0.5156787581281804,6.0,-0.0891803496263243,0.4431209022322122,11.0
2023-08-14,459580,KODEX CD금리액티브(합성),990298,2154612,0.0006622075576174,단기자금,-0.3338564794339618,0.5156787581281804,6.0,-0.0891803496263243,0.4431209022322122,11.0
2023-08-16,157450,TIGER 단기통안채,103170,440342,0.0005232710372613,단기자금,-0.0679546688279515,0.6762006293135782,6.0,-0.2225311058262984,0.4671541688334594,15.0
2023-08-16,423160,KODEX KOFR금리액티브(합성),102163,93633,0.0006555997749408,단기자금,-0.0679546688279515,0.6762006293135782,6.0,-0.2225311058262984,0.4671541688334594,15.0
2023-08-16,459580,KODEX CD금리액티브(합성),990385,2196397,0.0006803119603624,단기자금,-0.0679546688279515,0.6762006293135782,6.0,-0.2225311058262984,0.4671541688334594,15.0
2023-08-17,157450,TIGER 단기통안채,103214,440633,0.0004358923511791,단기자금,2.970494460896589e-05,4.82215013626141e-05,4.0,-0.1356465902179479,0.393960883654083,10.0
2023-08-17,423160,KODEX KOFR금리액티브(합성),102173,610849,0.0006555356303099,단기자금,2.970494460896589e-05,4.82215013626141e-05,4.0,-0.1356465902179479,0.393960883654083,10.0
2023-08-17,459580,KODEX CD금리액티브(합성),990667,1915711,0.000676083424171,단기자금,2.970494460896589e-05,4.82215013626141e-05,4.0,-0.1356465902179479,0.393960883654083,10.0
2023-08-18,157450,TIGER 단기통안채,103219,767846,0.0004358712408514,단기자금,0.0630819331495981,0.5839022559954322,14.0,-0.04314829243554,0.6242599986252274,9.0
2023-08-18,423160,KODEX KOFR금리액티브(합성),102197,78536,0.000665160298805,단기자금,0.0630819331495981,0.5839022559954322,14.0,-0.04314829243554,0.6242599986252274,9.0
2023-08-18,459580,KODEX CD금리액티브(합성),990760,1988876,0.0006921581585235,단기자금,0.0630819331495981,0.5839022559954322,14.0,-0.04314829243554,0.6242599986252274,9.0
2023-08-21,157450,TIGER 단기통안채,103209,996171,0.0006295918031717,단기자금,-0.2704280513987344,0.484744602210339,7.0,-0.2308633226369108,0.3968282756254845,14.0
2023-08-21,423160,KODEX KOFR금리액티브(합성),102207,242024,0.0007139818482446,단기자금,-0.2704280513987344,0.484744602210339,7.0,-0.2308633226369108,0.3968282756254845,14.0
2023-08-21,459580,KODEX CD금리액티브(합성),990909,2087533,0.000707181146021,단기자금,-0.2704280513987344,0.484744602210339,7.0,-0.2308633226369108,0.3968282756254845,14.0
2023-08-22,157450,TIGER 단기통안채,103219,423515,0.0005714368887232,단기자금,-0.1580552759114653,0.7749520428507951,3.0,-0.1136482376605272,0.1516026540014171,2.0
2023-08-22,423160,KODEX KOFR금리액티브(합성),102220,56915,0.0006845631287824,단기자금,-0.1580552759114653,0.7749520428507951,3.0,-0.1136482376605272,0.1516026540014171,2.0
2023-08-22,459580,KODEX CD금리액티브(합성),990954,2027718,0.0007212667572158,단기자금,-0.1580552759114653,0.7749520428507951,3.0,-0.1136482376605272,0.1516026540014171,2.0
2023-08-23,157450,TIGER 단기통안채,103224,642731,0.0006682258852048,단기자금,0.0563078537659748,0.1796755064978363,10.0,0.1551924720406532,0.5118767726115653,5.0
2023-08-23,423160,KODEX KOFR금리액티브(합성),102230,76930,0.0006844961886578,단기자금,0.0563078537659748,0.1796755064978363,10.0,0.1551924720406532,0.5118767726115653,5.0
2023-08-23,459580,KODEX CD금리액티브(합성),991059,2041646,0.0007111073754035,단기자금,0.0563078537659748,0.1796755064978363,10.0,0.1551924720406532,0.5118767726115653,5.0
2023-08-24,157450,TIGER 단기통안채,103259,426314,0.0006196086982175,단기자금,0.0907267810596915,0.3015180966142776,11.0,-0.0230243727564811,0.4959992088838585,7.0
2023-08-24,423160,KODEX KOFR금리액티브(합성),102240,71088,0.000674654998237,단기자금,0.0907267810596915,0.3015180966142776,11.0,-0.0230243727564811,0.4959992088838585,7.0
2023-08-24,459580,KODEX CD금리액티브(합성),991337,1799508,0.0007361082592982,단기자금,0.0907267810596915,0.3015180966142776,11.0,-0.0230243727564811,0.4959992088838585,7.0
2023-08-25,157450,TIGER 단기통안채,103264,1387826,0.0008131183535144,단기자금,0.1795343102821789,0.4044672368599985,10.0,-0.0928309218337138,0.5152780286251171,12.0
2023-08-25,423160,KODEX KOFR금리액티브(합성),102265,185097,0.0006744901257178,단기자금,0.1795343102821789,0.4044672368599985,10.0,-0.0928309218337138,0.5152780286251171,12.0
2023-08-25,459580,KODEX CD금리액티브(합성),991446,2031027,0.000716877349399,단기자금,0.1795343102821789,0.4044672368599985,10.0,-0.0928309218337138,0.5152780286251171,12.0
2023-08-28,157450,TIGER 단기통안채,103274,327385,0.0006679024723528,단기자금,0.0233568739139526,0.4222450242160731,9.0,-0.2899469137191772,0.4841024202812445,6.0
2023-08-28,423160,KODEX KOFR금리액티브(합성),102280,79986,0.0007232425034526,단기자금,0.0233568739139526,0.4222450242160731,9.0,-0.2899469137191772,0.4841024202812445,6.0
2023-08-28,459580,KODEX CD금리액티브(합성),991610,2144204,0.0007268361627108,단기자금,0.0233568739139526,0.4222450242160731,9.0,-0.2899469137191772,0.4841024202812445,6.0
2023-08-29,157450,TIGER 단기통안채,103278,372538,0.0007743084844573,단기자금,0.1210191235667379,0.3308753512396482,9.0,-0.5262772484372059,0.3855471941179507,6.0
2023-08-29,423160,KODEX KOFR금리액티브(합성),102290,73747,0.0007231718239086,단기자금,0.1210191235667379,0.3308753512396482,9.0,-0.5262772484372059,0.3855471941179507,6.0
2023-08-29,459580,KODEX CD금리액티브(합성),991669,2190345,0.0007005932143542,단기자금,0.1210191235667379,0.3308753512396482,9.0,-0.5262772484372059,0.3855471941179507,6.0
2023-08-30,157450,TIGER 단기통안채,103293,2656503,0.0007258263851692,단기자금,2.436832983221393e-05,5.847825311982747e-05,4.0,-0.1852256200379795,0.4023392171770456,9.0
2023-08-30,423160,KODEX KOFR금리액티브(합성),102300,83499,0.0006742594395259,단기자금,2.436832983221393e-05,5.847825311982747e-05,4.0,-0.1852256200379795,0.4023392171770456,9.0
2023-08-30,459580,KODEX CD금리액티브(합성),991764,2235826,0.0007055641075908,단기자금,2.436832983221393e-05,5.847825311982747e-05,4.0,-0.1852256200379795,0.4023392171770456,9.0
2023-08-31,157450,TIGER 단기통안채,103323,529418,0.0005708618717719,단기자금,-0.2493933998048305,0.5001482946942746,4.0,0.1320128209061092,0.519241955429009,9.0
2023-08-31,423160,KODEX KOFR금리액티브(합성),102309,64083,0.0007328047696439,단기자금,-0.2493933998048305,0.5001482946942746,4.0,0.1320128209061092,0.519241955429009,9.0
2023-08-31,459580,KODEX CD금리액티브(합성),992067,2268016,0.0007013195372174,단기자금,-0.2493933998048305,0.5001482946942746,4.0,0.1320128209061092,0.519241955429009,9.0
2023-09-01,157450,TIGER 단기통안채,103348,498519,0.0005223700239707,단기자금,-0.0728325510012487,0.2551767742189194,13.0,,,
2023-09-01,423160,KODEX KOFR금리액티브(합성),102334,43500,0.0007326258124038,단기자금,-0.0728325510012487,0.2551767742189194,13.0,,,
2023-09-01,459580,KODEX CD금리액티브(합성),992157,1058874,0.0007093134969213,단기자금,-0.0728325510012487,0.2551767742189194,13.0,,,
2023-09-04,157450,TIGER 단기통안채,103343,1468018,0.0005707514242345,단기자금,-0.0015739873431032,0.5733855352715326,7.0,,,
2023-09-04,423160,KODEX KOFR금리액티브(합성),102354,94607,0.0006836672174408,단기자금,-0.0015739873431032,0.5733855352715326,7.0,,,
2023-09-04,459580,KODEX CD금리액티브(합성),992331,1420654,0.0006930768152102,단기자금,-0.0015739873431032,0.5733855352715326,7.0,,,
2023-09-05,157450,TIGER 단기통안채,103358,2195414,0.0004256142451559,단기자금,-0.1260051609729998,0.2870286285919701,5.0,,,
2023-09-05,423160,KODEX KOFR금리액티브(합성),102364,83578,0.0006347873431469,단기자금,-0.1260051609729998,0.2870286285919701,5.0,,,
2023-09-05,459580,KODEX CD금리액티브(합성),992364,1279303,0.0007031236910943,단기자금,-0.1260051609729998,0.2870286285919701,5.0,,,
2023-09-06,157450,TIGER 단기통안채,103368,1766057,0.0004255730792532,단기자금,-0.0337991663235208,0.5223576724878022,13.0,,,
2023-09-06,423160,KODEX KOFR금리액티브(합성),102369,76537,0.0007226139407858,단기자금,-0.0337991663235208,0.5223576724878022,13.0,,,
2023-09-06,459580,KODEX CD금리액티브(합성),992464,1512585,0.000701039097537,단기자금,-0.0337991663235208,0.5223576724878022,13.0,,,
2023-09-07,157450,TIGER 단기통안채,103382,1757263,0.0005802034742892,단기자금,0.0012259150103091,0.5273547497322972,8.0,,,
2023-09-07,423160,KODEX KOFR금리액티브(합성),102384,47857,0.0006737064359434,단기자금,0.0012259150103091,0.5273547497322972,8.0,,,
2023-09-07,459580,KODEX CD금리액티브(합성),992763,1679836,0.0007078740964452,단기자금,0.0012259150103091,0.5273547497322972,8.0,,,
2023-09-08,157450,TIGER 단기통안채,103402,570347,0.0004351000073476,단기자금,2.688709043598335e-06,5.834718288970743e-05,7.0,,,
2023-09-08,423160,KODEX KOFR금리액티브(합성),102409,50795,0.0006540254522136,단기자금,2.688709043598335e-06,5.834718288970743e-05,7.0,,,
2023-09-08,459580,KODEX CD금리액티브(합성),992861,2673470,0.000717868976956,단기자금,2.688709043598335e-06,5.834718288970743e-05,7.0,,,
2023-09-11,157450,TIGER 단기통안채,103402,1271253,0.0005317631942141,단기자금,-0.1689142739332965,0.334770608661055,8.0,,,
2023-09-11,423160,KODEX KOFR금리액티브(합성),102424,54667,0.0007027132828696,단기자금,-0.1689142739332965,0.334770608661055,8.0,,,
2023-09-11,459580,KODEX CD금리액티브(합성),993019,2426787,0.0007157421801693,단기자금,-0.1689142739332965,0.334770608661055,8.0,,,
2023-09-12,157450,TIGER 단기통안채,103402,360307,0.0005800912839593,단기자금,-0.1648913568063686,0.6278535458627522,11.0,,,
2023-09-12,423160,KODEX KOFR금리액티브(합성),102429,165957,0.0007026789924626,단기자금,-0.1648913568063686,0.6278535458627522,11.0,,,
2023-09-12,459580,KODEX CD금리액티브(합성),993062,2571740,0.0007126923967071,단기자금,-0.1648913568063686,0.6278535458627522,11.0,,,
2023-09-13,157450,TIGER 단기통안채,103412,251704,0.0005800352050631,단기자금,-0.129201990549648,0.3580618545031412,7.0,,,
2023-09-13,423160,KODEX KOFR금리액티브(합성),102443,63872,0.0007123376195909,단기자금,-0.129201990549648,0.3580618545031412,7.0,,,
2023-09-13,459580,KODEX CD금리액티브(합성),993160,3234812,0.0007226837445983,단기자금,-0.129201990549648,0.3580618545031412,7.0,,,
2023-09-14,157450,TIGER 단기통안채,103442,2912169,0.0007151209728881,단기자금,-0.2486552755079173,0.4096487336221392,10.0,,,
2023-09-14,423160,KODEX KOFR금리액티브(합성),102453,61009,0.0007122681161124,단기자금,-0.2486552755079173,0.4096487336221392,10.0,,,
2023-09-14,459580,KODEX CD금리액티브(합성),993466,3475667,0.0007154202543677,단기자금,-0.2486552755079173,0.4096487336221392,10.0,,,
2023-09-15,157450,TIGER 단기통안채,103447,3488172,0.0006667858753139,단기자금,-0.0083813197205537,0.51834373856019,14.0,,,
2023-09-15,423160,KODEX KOFR금리액티브(합성),102476,199303,0.0007316109911901,단기자금,-0.0083813197205537,0.51834373856019,14.0,,,
2023-09-15,459580,KODEX CD금리액티브(합성),993574,3736058,0.0007213769859557,단기자금,-0.0083813197205537,0.51834373856019,14.0,,,
2023-09-18,157450,TIGER 단기통안채,103457,522429,0.0006184232337709,단기자금,0.0267425073411686,0.5534170326037554,8.0,,,
2023-09-18,423160,KODEX KOFR금리액티브(합성),102496,49974,0.0006729705073524,단기자금,0.0267425073411686,0.5534170326037554,8.0,,,
2023-09-18,459580,KODEX CD금리액티브(합성),993730,4621597,0.00072126378193,단기자금,0.0267425073411686,0.5534170326037554,8.0,,,
2023-09-19,157450,TIGER 단기통안채,103462,819157,0.0011881361668564,단기자금,0.0006553035477736,0.0019555431115796,8.0,,,
2023-09-19,423160,KODEX KOFR금리액티브(합성),102501,71563,0.0007704273326876,단기자금,0.0006553035477736,0.0019555431115796,8.0,,,
2023-09-19,459580,KODEX CD금리액티브(합성),993770,4694236,0.0013535217257221,단기자금,0.0006553035477736,0.0019555431115796,8.0,,,
2023-09-20,157450,TIGER 단기통안채,103472,532975,0.0012362851211467,단기자금,0.2353451265476906,0.6018174482531209,10.0,,,
2023-09-20,423160,KODEX KOFR금리액티브(합성),102516,1016558,0.0012088363498978,단기자금,0.2353451265476906,0.6018174482531209,10.0,,,
2023-09-20,459580,KODEX CD금리액티브(합성),993878,291544,0.0013694513979132,단기자금,0.2353451265476906,0.6018174482531209,10.0,,,
2023-09-21,157450,TIGER 단기통안채,103516,14189,0.0008111396956849,단기자금,0.164184091568781,0.3668433089602487,14.0,,,
2023-09-21,423160,KODEX KOFR금리액티브(합성),102526,46165,0.0015691016946579,단기자금,0.164184091568781,0.3668433089602487,14.0,,,
2023-09-21,459580,KODEX CD금리액티브(합성),994177,272658,0.0013589949551153,단기자금,0.164184091568781,0.3668433089602487,14.0,,,
2023-09-22,157450,TIGER 단기통안채,103516,371640,0.001148920479169,단기자금,0.2976493917110929,0.483003884648635,10.0,,,
2023-09-22,423160,KODEX KOFR금리액티브(합성),102551,49483,0.0014713551299259,단기자금,0.2976493917110929,0.483003884648635,10.0,,,
2023-09-22,459580,KODEX CD금리액티브(합성),994291,347173,0.001456258978953,단기자금,0.2976493917110929,0.483003884648635,10.0,,,
2023-09-25,157450,TIGER 단기통안채,103521,764299,0.0011488650188873,단기자금,-0.0704762682711589,0.3334264214663579,10.0,,,
2023-09-25,423160,KODEX KOFR금리액티브(합성),102565,23924,0.0014808899735818,단기자금,-0.0704762682711589,0.3334264214663579,10.0,,,
2023-09-25,459580,KODEX CD금리액티브(합성),994447,271029,0.0014068275650753,단기자금,-0.0704762682711589,0.3334264214663579,10.0,,,
2023-09-26,157450,TIGER 단기통안채,103585,778549,0.0008588288611868,단기자금,-0.0504551548933704,0.4987714529278678,16.0,,,
2023-09-26,423160,KODEX KOFR금리액티브(합성),102580,42141,0.0014320020761129,단기자금,-0.0504551548933704,0.4987714529278678,16.0,,,
2023-09-26,459580,KODEX CD금리액티브(합성),995116,247238,0.0009230842515268,단기자금,-0.0504551548933704,0.4987714529278678,16.0,,,
2023-09-27,157450,TIGER 단기통안채,103600,202984,0.0007622576703401,단기자금,-0.2722512578778454,0.5790199870376201,6.0,,,
2023-09-27,423160,KODEX KOFR금리액티브(합성),102640,49060,0.000993271157025,단기자금,-0.2722512578778454,0.5790199870376201,6.0,,,
2023-09-27,459580,KODEX CD금리액티브(합성),995240,187651,0.0008075192124188,단기자금,-0.2722512578778454,0.5790199870376201,6.0,,,
2023-10-04,157450,TIGER 단기통안채,103600,746669,0.0010997811193682,단기자금,0.4800116111179401,0.5358753569781926,12.0,-0.296502677599589,0.3980768876431114,15.0
2023-10-04,423160,KODEX KOFR금리액티브(합성),102687,1034598,0.0007301082344675,단기자금,0.4800116111179401,0.5358753569781926,12.0,-0.296502677599589,0.3980768876431114,15.0
2023-10-04,459580,KODEX CD금리액티브(합성),995529,222757,0.0008183253103783,단기자금,0.4800116111179401,0.5358753569781926,12.0,-0.296502677599589,0.3980768876431114,15.0
2023-10-05,157450,TIGER 단기통안채,103635,24118,0.0009548197418265,단기자금,0.1363404415343601,0.5228794074458702,14.0,-0.345828972900143,0.4319013514081525,13.0
2023-10-05,423160,KODEX KOFR금리액티브(합성),102702,24566,0.0008272949388832,단기자금,0.1363404415343601,0.5228794074458702,14.0,-0.345828972900143,0.4319013514081525,13.0
2023-10-05,459580,KODEX CD금리액티브(합성),995740,157355,0.000710776322121,단기자금,0.1363404415343601,0.5228794074458702,14.0,-0.345828972900143,0.4319013514081525,13.0
2023-10-06,157450,TIGER 단기통안채,103640,8730,0.0009065746567848,단기자금,-0.1396090108559292,0.5649569761511831,10.0,0.0120388784756263,0.5359190979786801,12.0
2023-10-06,423160,KODEX KOFR금리액티브(합성),102717,123360,0.0007688078505125,단기자금,-0.1396090108559292,0.5649569761511831,10.0,0.0120388784756263,0.5359190979786801,12.0
2023-10-06,459580,KODEX CD금리액티브(합성),995847,64543,0.0007648851840649,단기자금,-0.1396090108559292,0.5649569761511831,10.0,0.0120388784756263,0.5359190979786801,12.0
2023-10-10,157450,TIGER 단기통안채,103674,4244,0.0007231599511001,단기자금,-0.1476471127355125,0.3244588958407332,16.0,-0.3435943669506481,0.4545931722395532,7.0
2023-10-10,423160,KODEX KOFR금리액티브(합성),102727,31367,0.0007687330393704,단기자금,-0.1476471127355125,0.3244588958407332,16.0,-0.3435943669506481,0.4545931722395532,7.0
2023-10-10,459580,KODEX CD금리액티브(합성),996035,62902,0.0006202677185918,단기자금,-0.1476471127355125,0.3244588958407332,16.0,-0.3435943669506481,0.4545931722395532,7.0
2023-10-11,157450,TIGER 단기통안채,103679,23263,0.0008195022705699,단기자금,0.1814677095846693,0.3651612422766989,9.0,-0.0749255642294883,0.2643696268010305,8.0
2023-10-11,423160,KODEX KOFR금리액티브(합성),102742,169111,0.000671359723201,단기자금,0.1814677095846693,0.3651612422766989,9.0,-0.0749255642294883,0.2643696268010305,8.0
2023-10-11,459580,KODEX CD금리액티브(합성),996044,113422,0.0006894908127765,단기자금,0.1814677095846693,0.3651612422766989,9.0,-0.0749255642294883,0.2643696268010305,8.0
2023-10-12,157450,TIGER 단기통안채,103714,4519,0.0007614201334593,단기자금,0.2397351127759369,0.4889988283141907,12.0,-0.1628836718602822,0.4606275813788133,13.0
2023-10-12,423160,KODEX KOFR금리액티브(합성),102762,538713,0.0007198513915067,단기자금,0.2397351127759369,0.4889988283141907,12.0,-0.1628836718602822,0.4606275813788133,13.0
2023-10-12,459580,KODEX CD금리액티브(합성),996344,97976,0.0006993130061729,단기자금,0.2397351127759369,0.4889988283141907,12.0,-0.1628836718602822,0.4606275813788133,13.0
2023-10-13,157450,TIGER 단기통안채,103734,8239,0.0006167723727319,단기자금,-0.0578800210717288,0.162878552242764,14.0,0.0512786951536933,0.4355413075831119,12.0
2023-10-13,423160,KODEX KOFR금리액티브(합성),102787,72086,0.000622453068658,단기자금,-0.0578800210717288,0.162878552242764,14.0,0.0512786951536933,0.4355413075831119,12.0
2023-10-13,459580,KODEX CD금리액티브(합성),996448,125872,0.0007042543471804,단기자금,-0.0578800210717288,0.162878552242764,14.0,0.0512786951536933,0.4355413075831119,12.0
2023-10-16,157450,TIGER 단기통안채,103734,4907,0.0007612733868977,단기자금,0.1994429155029617,0.4759669668125604,19.0,-0.192731577437371,0.557633404740707,8.0
2023-10-16,423160,KODEX KOFR금리액티브(합성),102796,41064,0.0006321204934849,단기자금,0.1994429155029617,0.4759669668125604,19.0,-0.192731577437371,0.557633404740707,8.0
2023-10-16,459580,KODEX CD금리액티브(합성),996609,62204,0.0006259272503772,단기자금,0.1994429155029617,0.4759669668125604,19.0,-0.192731577437371,0.557633404740707,8.0
2023-10-17,157450,TIGER 단기통안채,103749,43475,0.0006648455924267,단기자금,0.0456672687626754,0.5180652663141501,12.0,-0.2273876906062165,0.3657714320452144,12.0
2023-10-17,423160,KODEX KOFR금리액티브(합성),102806,35138,0.0006320590261807,단기자금,0.0456672687626754,0.5180652663141501,12.0,-0.2273876906062165,0.3657714320452144,12.0
2023-10-17,459580,KODEX CD금리액티브(합성),996653,78192,0.0006810482789436,단기자금,0.0456672687626754,0.5180652663141501,12.0,-0.2273876906062165,0.3657714320452144,12.0
2023-10-18,157450,TIGER 단기통안채,103764,5584,0.0005684363817461,단기자금,-0.1743172760401174,0.5748547355213579,23.0,-0.3465650665263335,0.3082339073817369,6.0
2023-10-18,423160,KODEX KOFR금리액티브(합성),102811,39601,0.0006709093017018,단기자금,-0.1743172760401174,0.5748547355213579,23.0,-0.3465650665263335,0.3082339073817369,6.0
2023-10-18,459580,KODEX CD금리액티브(합성),996731,76922,0.0007000441574458,단기자금,-0.1743172760401174,0.5748547355213579,23.0,-0.3465650665263335,0.3082339073817369,6.0
2023-10-19,157450,TIGER 단기통안채,103793,6399,0.0005297605124834,단기자금,0.0014772936642007,0.725515078755294,14.0,-0.2255281849453846,0.4496806804491832,12.0
2023-10-19,423160,KODEX KOFR금리액티브(합성),102836,40946,0.0006707462546309,단기자금,0.0014772936642007,0.725515078755294,14.0,-0.2255281849453846,0.4496806804491832,12.0
2023-10-19,459580,KODEX CD금리액티브(합성),997041,68709,0.0006998265758504,단기자금,0.0014772936642007,0.725515078755294,14.0,-0.2255281849453846,0.4496806804491832,12.0
2023-10-20,157450,TIGER 단기통안채,103798,6767,0.0005778788156352,단기자금,-0.0738231790604307,0.2927377803016204,12.0,-0.1692059415703018,0.4757101376174648,12.0
2023-10-20,423160,KODEX KOFR금리액티브(합성),102851,58323,0.0006706484644212,단기자금,-0.0738231790604307,0.2927377803016204,12.0,-0.1692059415703018,0.4757101376174648,12.0
2023-10-20,459580,KODEX CD금리액티브(합성),997150,65926,0.0007177887603315,단기자금,-0.0738231790604307,0.2927377803016204,12.0,-0.1692059415703018,0.4757101376174648,12.0
2023-10-23,157450,TIGER 단기통안채,103813,5284,0.0006163031636177,단기자금,0.0870147820467536,0.3707104617181079,15.0,-0.4996844056993723,0.4369189592560903,5.0
2023-10-23,423160,KODEX KOFR금리액티브(합성),102861,26045,0.0006511524169638,단기자금,0.0870147820467536,0.3707104617181079,15.0,-0.4996844056993723,0.4369189592560903,5.0
2023-10-23,459580,KODEX CD금리액티브(합성),997233,83761,0.0006946815044504,단기자금,0.0870147820467536,0.3707104617181079,15.0,-0.4996844056993723,0.4369189592560903,5.0
2023-10-24,157450,TIGER 단기통안채,103818,3390,0.0006644038664287,단기자금,-0.0015531594067664,0.353100301636507,17.0,-0.172215880995447,0.4844157615774428,11.0
2023-10-24,423160,KODEX KOFR금리액티브(합성),102871,90108,0.0006510891396089,단기자금,-0.0015531594067664,0.353100301636507,17.0,-0.172215880995447,0.4844157615774428,11.0
2023-10-24,459580,KODEX CD금리액티브(합성),997332,84379,0.0006936105915364,단기자금,-0.0015531594067664,0.353100301636507,17.0,-0.172215880995447,0.4844157615774428,11.0
2023-10-25,157450,TIGER 단기통안채,103823,4061,0.0006162438209553,단기자금,-0.0044627385886997,0.3491644567313089,16.0,-0.3118400149047374,0.3924478543164632,5.0
2023-10-25,423160,KODEX KOFR금리액티브(합성),102880,538320,0.0006607458895206,단기자금,-0.0044627385886997,0.3491644567313089,16.0,-0.3118400149047374,0.3924478543164632,5.0
2023-10-25,459580,KODEX CD금리액티브(합성),997429,84982,0.0007005563144399,단기자금,-0.0044627385886997,0.3491644567313089,16.0,-0.3118400149047374,0.3924478543164632,5.0
2023-10-26,157450,TIGER 단기통안채,103848,5421,0.0007604380104133,단기자금,0.0837633001390392,0.4701805801939386,17.0,-0.2594136809930205,0.3496105115175193,10.0
2023-10-26,423160,KODEX KOFR금리액티브(합성),102905,53759,0.0007091406581327,단기자금,0.0837633001390392,0.4701805801939386,17.0,-0.2594136809930205,0.3496105115175193,10.0
2023-10-26,459580,KODEX CD금리액티브(합성),997739,74698,0.000695330891288,단기자금,0.0837633001390392,0.4701805801939386,17.0,-0.2594136809930205,0.3496105115175193,10.0
2023-10-27,157450,TIGER 단기통안채,103858,3314,0.0007603648192322,단기자금,0.0011212457640275,0.3925313450842748,14.0,-0.042467129882425,0.3014529606385351,8.0
2023-10-27,423160,KODEX KOFR금리액티브(합성),102920,112631,0.0006604891745052,단기자금,0.0011212457640275,0.3925313450842748,14.0,-0.042467129882425,0.3014529606385351,8.0
2023-10-27,459580,KODEX CD금리액티브(합성),997866,72366,0.0006862294068632,단기자금,0.0011212457640275,0.3925313450842748,14.0,-0.042467129882425,0.3014529606385351,8.0
2023-10-30,157450,TIGER 단기통안채,103877,5620,0.0006736469574946,단기자금,-0.0280759410822308,0.6021641783882884,18.0,-0.1090559148126178,0.6553958227840783,9.0
2023-10-30,423160,KODEX KOFR금리액티브(합성),102928,238947,0.0006798558967417,단기자금,-0.0280759410822308,0.6021641783882884,18.0,-0.1090559148126178,0.6553958227840783,9.0
2023-10-30,459580,KODEX CD금리액티브(합성),997926,95084,0.0006941992570457,단기자금,-0.0280759410822308,0.6021641783882884,18.0,-0.1090559148126178,0.6553958227840783,9.0
2023-10-31,157450,TIGER 단기통안채,103887,83805,0.0007601526444567,단기자금,-0.1819360093306221,0.6004498923685252,11.0,-0.090095779299736,0.4287694758560409,10.0
2023-10-31,423160,KODEX KOFR금리액티브(합성),102938,31314,0.0006797898740025,단기자금,-0.1819360093306221,0.6004498923685252,11.0,-0.090095779299736,0.4287694758560409,10.0
2023-10-31,459580,KODEX CD금리액티브(합성),998024,73260,0.0006971349639091,단기자금,-0.1819360093306221,0.6004498923685252,11.0,-0.090095779299736,0.4287694758560409,10.0
2023-11-01,157450,TIGER 단기통안채,103887,4008,0.0007601526444567,단기자금,-0.0751928479610222,0.4111773428077179,19.0,-0.1554926221391984,0.2829842193275862,14.0
2023-11-01,423160,KODEX KOFR금리액티브(합성),102948,28581,0.0006797238640849,단기자금,-0.0751928479610222,0.4111773428077179,19.0,-0.1554926221391984,0.2829842193275862,14.0
2023-11-01,459580,KODEX CD금리액티브(합성),998128,64113,0.0006980635280893,단기자금,-0.0751928479610222,0.4111773428077179,19.0,-0.1554926221391984,0.2829842193275862,14.0
2023-11-02,157450,TIGER 단기통안채,103927,12889,0.0007117848786535,단기자금,0.0379990572045618,0.3298099259841954,17.0,-0.0775290714068846,0.5107326184345504,11.0
2023-11-02,423160,KODEX KOFR금리액티브(합성),102978,32472,0.000669821648632,단기자금,0.0379990572045618,0.3298099259841954,17.0,-0.0775290714068846,0.5107326184345504,11.0
2023-11-02,459580,KODEX CD금리액티브(합성),998433,90962,0.0006948477421673,단기자금,0.0379990572045618,0.3298099259841954,17.0,-0.0775290714068846,0.5107326184345504,11.0
2023-11-03,157450,TIGER 단기통안채,103937,12454,0.0008078554762818,단기자금,0.113103747045443,0.3341773459313311,16.0,-0.087880817707628,0.6165231108223022,8.0
2023-11-03,423160,KODEX KOFR금리액티브(합성),102988,52580,0.000669756631602,단기자금,0.113103747045443,0.3341773459313311,16.0,-0.087880817707628,0.6165231108223022,8.0
2023-11-03,459580,KODEX CD금리액티브(합성),998551,94658,0.0007117783596548,단기자금,0.113103747045443,0.3341773459313311,16.0,-0.087880817707628,0.6165231108223022,8.0
2023-11-06,157450,TIGER 단기통안채,103947,12950,0.00066357960341,단기자금,0.0823696394376643,0.4683091466693241,14.0,0.0262382826767861,0.1364346440386256,8.0
2023-11-06,423160,KODEX KOFR금리액티브(합성),102998,59928,0.0007182025834033,단기자금,0.0823696394376643,0.4683091466693241,14.0,0.0262382826767861,0.1364346440386256,8.0
2023-11-06,459580,KODEX CD금리액티브(합성),998619,159442,0.0007137312479326,단기자금,0.0823696394376643,0.4683091466693241,14.0,0.0262382826767861,0.1364346440386256,8.0
2023-11-07,157450,TIGER 단기통안채,103966,8474,0.0006250090348984,단기자금,0.1925415173424302,0.5021321770156814,22.0,-0.0213168493161598,0.6092303610231716,6.0
2023-11-07,423160,KODEX KOFR금리액티브(합성),103008,55277,0.0007181328854404,단기자금,0.1925415173424302,0.5021321770156814,22.0,-0.0213168493161598,0.6092303610231716,6.0
2023-11-07,459580,KODEX CD금리액티브(합성),998720,138735,0.000710657387966,단기자금,0.1925415173424302,0.5021321770156814,22.0,-0.0213168493161598,0.6092303610231716,6.0
2023-11-08,157450,TIGER 단기통안채,103966,2786,0.0007691864310164,단기자금,-0.0045184300970504,0.0096857680352369,12.0,-0.104408110068603,0.501282734207438,11.0
2023-11-08,423160,KODEX KOFR금리액티브(합성),103018,25755,0.0007180632010062,단기자금,-0.0045184300970504,0.0096857680352369,12.0,-0.104408110068603,0.501282734207438,11.0
2023-11-08,459580,KODEX CD금리액티브(합성),998825,121325,0.0007115831724107,단기자금,-0.0045184300970504,0.0096857680352369,12.0,-0.104408110068603,0.501282734207438,11.0
2023-11-09,157450,TIGER 단기통안채,104001,57229,0.0008073585398609,단기자금,0.268644989486627,0.5933004680257951,13.0,-0.4895460456609726,0.5269639388042482,11.0
2023-11-09,423160,KODEX KOFR금리액티브(합성),103047,38103,0.0006790710569255,단기자금,0.268644989486627,0.5933004680257951,13.0,-0.4895460456609726,0.5269639388042482,11.0
2023-11-09,459580,KODEX CD금리액티브(합성),999127,129212,0.0007113681630084,단기자금,0.268644989486627,0.5933004680257951,13.0,-0.4895460456609726,0.5269639388042482,11.0
2023-11-10,157450,TIGER 단기통안채,104021,4258,0.0006631076928016,단기자금,-0.0827124182100565,0.4683816015731222,14.0,-0.1972948270184653,0.3151761951250571,7.0
2023-11-10,423160,KODEX KOFR금리액티브(합성),103057,43956,0.000727487919411,단기자금,-0.0827124182100565,0.4683816015731222,14.0,-0.1972948270184653,0.3151761951250571,7.0
2023-11-10,459580,KODEX CD금리액티브(합성),999262,144830,0.0006962715740321,단기자금,-0.0827124182100565,0.4683816015731222,14.0,-0.1972948270184653,0.3151761951250571,7.0
2023-11-13,157450,TIGER 단기통안채,104016,3411,0.0007592102656239,단기자금,-0.0857196368781254,0.2529399997415513,17.0,-0.3863900346415383,0.4449129303680789,7.0
2023-11-13,423160,KODEX KOFR금리액티브(합성),103072,52581,0.0007176871386231,단기자금,-0.0857196368781254,0.2529399997415513,17.0,-0.3863900346415383,0.4449129303680789,7.0
2023-11-13,459580,KODEX CD금리액티브(합성),999332,199361,0.0007062224894269,단기자금,-0.0857196368781254,0.2529399997415513,17.0,-0.3863900346415383,0.4449129303680789,7.0
2023-11-14,157450,TIGER 단기통안채,104031,2246,0.0007591008383123,단기자금,0.0941603762380666,0.5241121233997739,29.0,-0.0351882930845022,0.5641926476472846,10.0
2023-11-14,423160,KODEX KOFR금리액티브(합성),103082,37525,0.0007079234380711,단기자금,0.0941603762380666,0.5241121233997739,29.0,-0.0351882930845022,0.5641926476472846,10.0
2023-11-14,459580,KODEX CD금리액티브(합성),999430,206898,0.0007111525721921,단기자금,0.0941603762380666,0.5241121233997739,29.0,-0.0351882930845022,0.5641926476472846,10.0
2023-11-15,157450,TIGER 단기통안채,104046,2325,0.0007109710818973,단기자금,-0.0650702467775607,0.4774969595869547,11.0,-0.289156928126301,0.4306421787547596,7.0
2023-11-15,423160,KODEX KOFR금리액티브(합성),103092,43978,0.0006496938425186,단기자금,-0.0650702467775607,0.4774969595869547,11.0,-0.289156928126301,0.4306421787547596,7.0
2023-11-15,459580,KODEX CD금리액티브(합성),999536,220408,0.0007140764365178,단기자금,-0.0650702467775607,0.4774969595869547,11.0,-0.289156928126301,0.4306421787547596,7.0
2023-11-16,157450,TIGER 단기통안채,104085,2716,0.0006242946873591,단기자금,0.0454855301494021,0.3062695653372737,17.0,-0.3262708087762196,0.4244297744149711,6.0
2023-11-16,423160,KODEX KOFR금리액티브(합성),103117,59945,0.000504154437058,단기자금,0.0454855301494021,0.3062695653372737,17.0,-0.3262708087762196,0.4244297744149711,6.0
2023-11-16,459580,KODEX CD금리액티브(합성),999838,209822,0.0005049543123654,단기자금,0.0454855301494021,0.3062695653372737,17.0,-0.3262708087762196,0.4244297744149711,6.0
2023-11-17,157450,TIGER 단기통안채,104090,1612,0.0006242647085024,단기자금,-0.0007789931878505,0.5303903147483133,8.0,-0.0727219684049487,0.6592926032431238,4.0
2023-11-17,423160,KODEX KOFR금리액티브(합성),103132,30509,0.0007463374082146,단기자금,-0.0007789931878505,0.5303903147483133,8.0,-0.0727219684049487,0.6592926032431238,4.0
2023-11-17,459580,KODEX CD금리액티브(합성),999958,210631,0.0007097778693339,단기자금,-0.0007789931878505,0.5303903147483133,8.0,-0.0727219684049487,0.6592926032431238,4.0
2023-11-20,157450,TIGER 단기통안채,104095,4855,0.0006626364529225,단기자금,0.0410332731963925,0.1431870133678215,7.0,-0.239729106426239,0.254268028757698,5.0
2023-11-20,423160,KODEX KOFR금리액티브(합성),103146,28522,0.0007559238621333,단기자금,0.0410332731963925,0.1431870133678215,7.0,-0.239729106426239,0.254268028757698,5.0
2023-11-20,459580,KODEX CD금리액티브(합성),1000038,215487,0.0007167158528567,단기자금,0.0410332731963925,0.1431870133678215,7.0,-0.239729106426239,0.254268028757698,5.0
2023-11-21,157450,TIGER 단기통안채,104110,12450,0.0006625410129572,단기자금,0.2012059651331381,0.4173421264245812,9.0,-0.1402734704315662,0.4043735145572047,9.0
2023-11-21,423160,KODEX KOFR금리액티브(합성),103155,52164,0.0007171098842082,단기자금,0.2012059651331381,0.4173421264245812,9.0,-0.1402734704315662,0.4043735145572047,9.0
2023-11-21,459580,KODEX CD금리액티브(합성),1000141,223734,0.0007116463418164,단기자금,0.2012059651331381,0.4173421264245812,9.0,-0.1402734704315662,0.4043735145572047,9.0
2023-11-22,157450,TIGER 단기통안채,104120,11252,0.0007104659611218,단기자금,-0.2917177657341199,0.5421096630259019,8.0,-0.2659263857640326,0.3757334781717988,8.0
2023-11-22,423160,KODEX KOFR금리액티브(합성),103159,54683,0.0007752013489099,단기자금,-0.2917177657341199,0.5421096630259019,8.0,-0.2659263857640326,0.3757334781717988,8.0
2023-11-22,459580,KODEX CD금리액티브(합성),1000250,229733,0.0006965831231848,단기자금,-0.2917177657341199,0.5421096630259019,8.0,-0.2659263857640326,0.3757334781717988,8.0
2023-11-23,157450,TIGER 단기통안채,104150,2262,0.0007102613868426,단기자금,0.0196044706056401,0.100827728835715,17.0,-0.3828400522470474,0.6139683136648444,5.0
2023-11-23,423160,KODEX KOFR금리액티브(합성),103169,54180,0.0007751262390431,단기자금,0.0196044706056401,0.100827728835715,17.0,-0.3828400522470474,0.6139683136648444,5.0
2023-11-23,459580,KODEX CD금리액티브(합성),1000343,213890,0.0007065079466226,단기자금,0.0196044706056401,0.100827728835715,17.0,-0.3828400522470474,0.6139683136648444,5.0
2023-11-24,157450,TIGER 단기통안채,104155,4182,0.0008061652883402,단기자금,-0.0811880397586719,0.2828151285041614,12.0,0.0291997540742158,0.1746871149686835,10.0
2023-11-24,423160,KODEX KOFR금리액티브(합성),103209,38982,0.0007167348194396,단기자금,-0.0811880397586719,0.2828151285041614,12.0,0.0291997540742158,0.1746871149686835,10.0
2023-11-24,459580,KODEX CD금리액티브(합성),1000668,322660,0.0007052799384474,단기자금,-0.0811880397586719,0.2828151285041614,12.0,0.0291997540742158,0.1746871149686835,10.0
2023-11-27,157450,TIGER 단기통안채,104164,6387,0.0008636490667246,단기자금,0.0456192856827863,0.4305330692404573,17.0,-0.0908590001719338,0.162837427739992,7.0
2023-11-27,423160,KODEX KOFR금리액티브(합성),103224,37758,0.0007166307043977,단기자금,0.0456192856827863,0.4305330692404573,17.0,-0.0908590001719338,0.162837427739992,7.0
2023-11-27,459580,KODEX CD금리액티브(합성),1000755,264186,0.0007072157272673,단기자금,0.0456192856827863,0.4305330692404573,17.0,-0.0908590001719338,0.162837427739992,7.0
2023-11-28,157450,TIGER 단기통안채,104179,9685,0.0007580228441472,단기자금,0.1784542190959785,0.520637444797447,21.0,-0.0151532839983701,0.1851155248451369,10.0
2023-11-28,423160,KODEX KOFR금리액티브(합성),103229,36540,0.0007165960061072,단기자금,0.1784542190959785,0.520637444797447,21.0,-0.0151532839983701,0.1851155248451369,10.0
2023-11-28,459580,KODEX CD금리액티브(합성),1000853,352900,0.0007161324361959,단기자금,0.1784542190959785,0.520637444797447,21.0,-0.0151532839983701,0.1851155248451369,10.0
2023-11-29,157450,TIGER 단기통안채,104194,16653,0.0008058636607888,단기자금,0.1317036343691423,0.5668936531812585,13.0,-0.3380289127429326,0.2592391407218212,3.0
2023-11-29,423160,KODEX KOFR금리액티브(합성),103239,44482,0.0007165266196036,단기자금,0.1317036343691423,0.5668936531812585,13.0,-0.3380289127429326,0.2592391407218212,3.0
2023-11-29,459580,KODEX CD금리액티브(합성),1000947,277853,0.0007210568888709,단기자금,0.1317036343691423,0.5668936531812585,13.0,-0.3380289127429326,0.2592391407218212,3.0
2023-11-30,157450,TIGER 단기통안채,104224,7215,0.0007576956823758,단기자금,-0.2481217449172758,0.4227163717569435,13.0,-0.090505518640081,0.3308179504590756,12.0
2023-11-30,423160,KODEX KOFR금리액티브(합성),103249,35032,0.0007067788125034,단기자금,-0.2481217449172758,0.4227163717569435,13.0,-0.090505518640081,0.3308179504590756,12.0
2023-11-30,459580,KODEX CD금리액티브(합성),1001050,284311,0.0007209827246512,단기자금,-0.2481217449172758,0.4227163717569435,13.0,-0.090505518640081,0.3308179504590756,12.0
2023-12-01,157450,TIGER 단기통안채,104239,4562,0.0007575866912024,단기자금,0.1899755085157397,0.3732652752394008,14.0,0.0301378047093749,0.3242124372396364,10.0
2023-12-01,423160,KODEX KOFR금리액티브(합성),103283,157916,0.0006194647635542,단기자금,0.1899755085157397,0.3732652752394008,14.0,0.0301378047093749,0.3242124372396364,10.0
2023-12-01,459580,KODEX CD금리액티브(합성),1001374,218467,0.000720749530819,단기자금,0.1899755085157397,0.3732652752394008,14.0,0.0301378047093749,0.3242124372396364,10.0
2023-12-04,157450,TIGER 단기통안채,104254,13954,0.0006616261861758,단기자금,0.0803118407566216,0.4016616874080096,20.0,-0.1794864810071885,0.5259409952955408,8.0
2023-12-04,423160,KODEX KOFR금리액티브(합성),103298,114779,0.0007161175125798,단기자금,0.0803118407566216,0.4016616874080096,20.0,-0.1794864810071885,0.5259409952955408,8.0
2023-12-04,459580,KODEX CD금리액티브(합성),1001463,221556,0.0007156963896317,단기자금,0.0803118407566216,0.4016616874080096,20.0,-0.1794864810071885,0.5259409952955408,8.0
2023-12-05,157450,TIGER 단기통안채,104258,5008,0.0007191106349946,단기자금,-0.0480476061149804,0.4742209287025906,9.0,-0.3436401188373565,0.4081949054722003,13.0
2023-12-05,423160,KODEX KOFR금리액티브(합성),103303,152428,0.0007160828639634,단기자금,-0.0480476061149804,0.4742209287025906,9.0,-0.3436401188373565,0.4081949054722003,13.0
2023-12-05,459580,KODEX CD금리액티브(합성),1001570,234567,0.0007176153919559,단기자금,-0.0480476061149804,0.4742209287025906,9.0,-0.3436401188373565,0.4081949054722003,13.0
2023-12-06,157450,TIGER 단기통안채,104278,10493,0.000623139589047,단기자금,-0.0522608737086226,0.1776971165104207,11.0,-0.2352289604869755,0.4117222269439589,11.0
2023-12-06,423160,KODEX KOFR금리액티브(합성),103313,150214,0.0006966685977811,단기자금,-0.0522608737086226,0.1776971165104207,11.0,-0.2352289604869755,0.4117222269439589,11.0
2023-12-06,459580,KODEX CD금리액티브(합성),1001669,402795,0.000714551634303,단기자금,-0.0522608737086226,0.1776971165104207,11.0,-0.2352289604869755,0.4117222269439589,11.0
2023-12-07,157450,TIGER 단기통안채,104303,12211,0.000852919383746,단기자금,-0.3311308290643258,0.5152111798539228,6.0,-0.4199857721105218,0.6226412765924331,8.0
2023-12-07,423160,KODEX KOFR금리액티브(합성),103322,211701,0.0007062796290053,단기자금,-0.3311308290643258,0.5152111798539228,6.0,-0.4199857721105218,0.6226412765924331,8.0
2023-12-07,459580,KODEX CD금리액티브(합성),1001772,291669,0.0007214607947556,단기자금,-0.3311308290643258,0.5152111798539228,6.0,-0.4199857721105218,0.6226412765924331,8.0
2023-12-08,157450,TIGER 단기통안채,104318,14446,0.0009485712259387,단기자금,0.0480651639943691,0.3060679635496279,13.0,-0.1722059732096063,0.537130038979806,9.0
2023-12-08,423160,KODEX KOFR금리액티브(합성),103347,250122,0.0007544542172048,단기자금,0.0480651639943691,0.3060679635496279,13.0,-0.1722059732096063,0.537130038979806,9.0
2023-12-08,459580,KODEX CD금리액티브(합성),1002096,334926,0.0007242191767762,단기자금,0.0480651639943691,0.3060679635496279,13.0,-0.1722059732096063,0.537130038979806,9.0
2023-12-11,157450,TIGER 단기통안채,104323,9565,0.000948525784306,단기자금,0.330783751031876,0.4080090793612586,11.0,-0.2291496015069159,0.3835962369419822,11.0
2023-12-11,423160,KODEX KOFR금리액티브(합성),103372,249797,0.0006576020970783,단기자금,0.330783751031876,0.4080090793612586,11.0,-0.2291496015069159,0.3835962369419822,11.0
2023-12-11,459580,KODEX CD금리액티브(합성),1002180,328564,0.000730141093296,단기자금,0.330783751031876,0.4080090793612586,11.0,-0.2291496015069159,0.3835962369419822,11.0
2023-12-12,157450,TIGER 단기통안채,104333,20200,0.0009484349141004,단기자금,0.1945753632753621,0.5519355577350342,18.0,-0.0878639392968681,0.409708683397854,9.0
2023-12-12,423160,KODEX KOFR금리액티브(합성),103377,28861,0.0006575703015183,단기자금,0.1945753632753621,0.5519355577350342,18.0,-0.0878639392968681,0.409708683397854,9.0
2023-12-12,459580,KODEX CD금리액티브(합성),1002289,282719,0.0007230827776041,단기자금,0.1945753632753621,0.5519355577350342,18.0,-0.0878639392968681,0.409708683397854,9.0
2023-12-13,157450,TIGER 단기통안채,104343,9462,0.0009483440613049,단기자금,-0.0826074754310996,0.2658778803064924,14.0,-0.1146822642873634,0.4268641784904805,11.0
2023-12-13,423160,KODEX KOFR금리액티브(합성),103385,251190,0.0007251807226342,단기자금,-0.0826074754310996,0.2658778803064924,14.0,-0.1146822642873634,0.4268641784904805,11.0
2023-12-13,459580,KODEX CD금리액티브(합성),1002385,394763,0.0007319856083789,단기자금,-0.0826074754310996,0.2658778803064924,14.0,-0.1146822642873634,0.4268641784904805,11.0
2023-12-14,157450,TIGER 단기통안채,104392,25375,0.0008521925321733,단기자금,0.1873741118237936,0.463883095409287,13.0,-0.2377014169469475,0.5036395993933881,10.0
2023-12-14,423160,KODEX KOFR금리액티브(합성),103395,255304,0.0007251106111336,단기자금,0.1873741118237936,0.463883095409287,13.0,-0.2377014169469475,0.5036395993933881,10.0
2023-12-14,459580,KODEX CD금리액티브(합성),1002495,276012,0.0007239310368021,단기자금,0.1873741118237936,0.463883095409287,13.0,-0.2377014169469475,0.5036395993933881,10.0
2023-12-15,157450,TIGER 단기통안채,104417,22853,0.0007084458526716,단기자금,0.086736067626892,0.287585394307868,12.0,-0.1063448060303926,0.5999373091653527,8.0
2023-12-15,423160,KODEX KOFR금리액티브(합성),103425,268427,0.0008118530991882,단기자금,0.086736067626892,0.287585394307868,12.0,-0.1063448060303926,0.5999373091653527,8.0
2023-12-15,459580,KODEX CD금리액티브(합성),1002822,307162,0.0008233365529122,단기자금,0.086736067626892,0.287585394307868,12.0,-0.1063448060303926,0.5999373091653527,8.0
2023-12-18,157450,TIGER 단기통안채,104422,24999,0.0007562595192034,단기자금,-0.03403787453456,0.4049704896069841,17.0,-0.2575837355107069,0.5757854831153922,9.0
2023-12-18,423160,KODEX KOFR금리액티브(합성),103440,239604,0.0008600322317438,단기자금,-0.03403787453456,0.4049704896069841,17.0,-0.2575837355107069,0.5757854831153922,9.0
2023-12-18,459580,KODEX CD금리액티브(합성),1002912,323504,0.0008282440653761,단기자금,-0.03403787453456,0.4049704896069841,17.0,-0.2575837355107069,0.5757854831153922,9.0
2023-12-19,157450,TIGER 단기통안채,104432,8087,0.0010910240437578,단기자금,-0.0189386856159433,0.5097196318761107,21.0,-0.3416815876132912,0.3933005845079914,9.0
2023-12-19,423160,KODEX KOFR금리액티브(합성),103445,239780,0.0008599906800714,단기자금,-0.0189386856159433,0.5097196318761107,21.0,-0.3416815876132912,0.3933005845079914,9.0
2023-12-19,459580,KODEX CD금리액티브(합성),1003014,370737,0.0008191943054729,단기자금,-0.0189386856159433,0.5097196318761107,21.0,-0.3416815876132912,0.3933005845079914,9.0
2023-12-20,157450,TIGER 단기통안채,104442,8135,0.0010813553401352,단기자금,0.033253207255863,0.6087947212569756,21.0,-0.106792491239806,0.4345224017800776,12.0
2023-12-20,423160,KODEX KOFR금리액티브(합성),103460,38060,0.0011978131684653,단기자금,0.033253207255863,0.6087947212569756,21.0,-0.106792491239806,0.4345224017800776,12.0
2023-12-20,459580,KODEX CD금리액티브(합성),1003119,347880,0.0012523071432557,단기자금,0.033253207255863,0.6087947212569756,21.0,-0.106792491239806,0.4345224017800776,12.0
2023-12-21,157450,TIGER 단기통안채,104481,5105,0.0008036509143529,단기자금,0.1689871704061261,0.4484347081308704,16.0,-0.1026148024118608,0.4358905330945111,9.0
2023-12-21,423160,KODEX KOFR금리액티브(합성),103470,53462,0.0011976974734668,단기자금,0.1689871704061261,0.4484347081308704,16.0,-0.1026148024118608,0.4358905330945111,9.0
2023-12-21,459580,KODEX CD금리액티브(합성),1003221,315817,0.0012223131928301,단기자금,0.1689871704061261,0.4484347081308704,16.0,-0.1026148024118608,0.4358905330945111,9.0
2023-12-22,157450,TIGER 단기통안채,104491,11296,0.0008035740342311,단기자금,0.0923487621132517,0.3706193019418979,25.0,0.148618864826858,0.3089366011488315,8.0
2023-12-22,423160,KODEX KOFR금리액티브(합성),103509,46952,0.0009656331923864,단기자금,0.0923487621132517,0.3706193019418979,25.0,0.148618864826858,0.3089366011488315,8.0
2023-12-22,459580,KODEX CD금리액티브(합성),1003648,319541,0.0009003087950034,단기자금,0.0923487621132517,0.3706193019418979,25.0,0.148618864826858,0.3089366011488315,8.0
2023-12-26,157450,TIGER 단기통안채,104501,231439,0.0011380972053949,단기자금,0.0674227293093281,0.5214625219975568,12.0,-0.215653721243143,0.7605284793714037,4.0
2023-12-26,423160,KODEX KOFR금리액티브(합성),103529,51071,0.0008496423324011,단기자금,0.0674227293093281,0.5214625219975568,12.0,-0.215653721243143,0.7605284793714037,4.0
2023-12-26,459580,KODEX CD금리액티브(합성),1003743,285857,0.0009052004830412,단기자금,0.0674227293093281,0.5214625219975568,12.0,-0.215653721243143,0.7605284793714037,4.0
2023-12-27,157450,TIGER 단기통안채,104546,8818,0.0008031514563366,단기자금,-0.189797684704238,0.4964371417628503,22.0,-0.3346199333667755,0.464311944599127,5.0
2023-12-27,423160,KODEX KOFR금리액티브(합성),103534,130065,0.0010425919004415,단기자금,-0.189797684704238,0.4964371417628503,22.0,-0.3346199333667755,0.464311944599127,5.0
2023-12-27,459580,KODEX CD금리액티브(합성),1003836,260140,0.0011330092161419,단기자금,-0.189797684704238,0.4964371417628503,22.0,-0.3346199333667755,0.464311944599127,5.0
2023-12-28,157450,TIGER 단기통안채,104555,7149,0.0008604207031783,단기자금,-0.2284992325342447,0.5787540607032308,34.0,-0.1491162497550249,0.353094186711853,4.0
2023-12-28,423160,KODEX KOFR금리액티브(합성),103584,62281,0.0007430818938267,단기자금,-0.2284992325342447,0.5787540607032308,34.0,-0.1491162497550249,0.353094186711853,4.0
2023-12-28,459580,KODEX CD금리액티브(합성),1004376,180261,0.0006698433881986,단기자금,-0.2284992325342447,0.5787540607032308,34.0,-0.1491162497550249,0.353094186711853,4.0
2024-01-02,157450,TIGER 단기통안채,104565,13873,0.0008507832019883,단기자금,0.0803627841542038,0.2897108812372478,12.0,-0.506376322824508,0.3959209203602093,8.0
2024-01-02,423160,KODEX KOFR금리액티브(합성),103594,87397,0.000646546547335,단기자금,0.0803627841542038,0.2897108812372478,12.0,-0.506376322824508,0.3959209203602093,8.0
2024-01-02,459580,KODEX CD금리액티브(합성),1004448,269932,0.0007066061999623,단기자금,0.0803627841542038,0.2897108812372478,12.0,-0.506376322824508,0.3959209203602093,8.0
2024-01-03,157450,TIGER 단기통안채,104575,15611,0.0008984726570258,단기자금,-0.0988240191800287,0.2885839590596246,12.0,0.0565582867711782,0.073401022899559,4.0
2024-01-03,423160,KODEX KOFR금리액티브(합성),103609,282748,0.000646452973763,단기자금,-0.0988240191800287,0.2885839590596246,12.0,0.0565582867711782,0.073401022899559,4.0
2024-01-03,459580,KODEX CD금리액티브(합성),1004552,274566,0.0006985749157362,단기자금,-0.0988240191800287,0.2885839590596246,12.0,0.0565582867711782,0.073401022899559,4.0
2024-01-04,157450,TIGER 단기통안채,104620,9141,0.0008025835977623,단기자금,0.1159634787287359,0.5231348225130515,10.0,-0.254939628764987,0.3910138867702923,6.0
2024-01-04,423160,KODEX KOFR금리액티브(합성),103617,283713,0.0006656922721628,단기자금,0.1159634787287359,0.5231348225130515,10.0,-0.254939628764987,0.3910138867702923,6.0
2024-01-04,459580,KODEX CD금리액티브(합성),1004652,321690,0.0006975107309887,단기자금,0.1159634787287359,0.5231348225130515,10.0,-0.254939628764987,0.3910138867702923,6.0
2024-01-05,157450,TIGER 단기통안채,104630,21052,0.0008502548888387,단기자금,-0.0594337259353778,0.6334052470939607,6.0,0.126500539747732,0.5770511063701519,7.0
2024-01-05,423160,KODEX KOFR금리액티브(합성),103642,261261,0.0006655317506556,단기자금,-0.0594337259353778,0.6334052470939607,6.0,0.126500539747732,0.5770511063701519,7.0
2024-01-05,459580,KODEX CD금리액티브(합성),1004974,189327,0.0006793887354472,단기자금,-0.0594337259353778,0.6334052470939607,6.0,0.126500539747732,0.5770511063701519,7.0
2024-01-08,157450,TIGER 단기통안채,104645,28597,0.0008023919350712,단기자금,-0.1102896530630662,0.3317649318439685,9.0,-0.023361322004348,0.2155652201669918,8.0
2024-01-08,423160,KODEX KOFR금리액티브(합성),103661,311735,0.0005786423284011,단기자금,-0.1102896530630662,0.3317649318439685,9.0,-0.023361322004348,0.2155652201669918,8.0
2024-01-08,459580,KODEX CD금리액티브(합성),1005049,314079,0.0006823209520412,단기자금,-0.1102896530630662,0.3317649318439685,9.0,-0.023361322004348,0.2155652201669918,8.0
2024-01-09,157450,TIGER 단기통안채,104654,19342,0.0008596071169915,단기자금,0.1335922350465352,0.3511518346389405,8.0,-0.5095343217253685,0.5006391512113436,3.0
2024-01-09,423160,KODEX KOFR금리액티브(합성),103661,265486,0.0006750501722176,단기자금,0.1335922350465352,0.3511518346389405,8.0,-0.5095343217253685,0.5006391512113436,3.0
2024-01-09,459580,KODEX CD금리액티브(합성),1005158,286943,0.0006782702182164,단기자금,0.1335922350465352,0.3511518346389405,8.0,-0.5095343217253685,0.5006391512113436,3.0
2024-01-10,157450,TIGER 단기통안채,104669,110921,0.0007162879401629,단기자금,0.1029540926225915,0.6072059267761676,12.0,-0.2113645323975519,0.4813934162749117,11.0
2024-01-10,423160,KODEX KOFR금리액티브(합성),103676,290218,0.0006267567473052,단기자금,0.1029540926225915,0.6072059267761676,12.0,-0.2113645323975519,0.4813934162749117,11.0
2024-01-10,459580,KODEX CD금리액티브(합성),1005254,342026,0.0006851641355414,단기자금,0.1029540926225915,0.6072059267761676,12.0,-0.2113645323975519,0.4813934162749117,11.0
2024-01-11,157450,TIGER 단기통안채,104704,29556,0.0007065046455352,단기자금,0.3081821441771283,0.4671973968150463,13.0,-0.1714447495926703,0.41162271326904,14.0
2024-01-11,423160,KODEX KOFR금리액티브(합성),103686,367455,0.0006748874640329,단기자금,0.3081821441771283,0.4671973968150463,13.0,-0.1714447495926703,0.41162271326904,14.0
2024-01-11,459580,KODEX CD금리액티브(합성),1005353,283504,0.0006791327050628,단기자금,0.3081821441771283,0.4671973968150463,13.0,-0.1714447495926703,0.41162271326904,14.0
2024-01-12,157450,TIGER 단기통안채,104719,9614,0.0006586892322903,단기자금,0.1870647106300869,0.5271645428822526,12.0,0.0290798089570469,0.0617957012229235,9.0
2024-01-12,423160,KODEX KOFR금리액티브(합성),103711,356862,0.0007036314418353,단기자금,0.1870647106300869,0.5271645428822526,12.0,0.0290798089570469,0.0617957012229235,9.0
2024-01-12,459580,KODEX CD금리액티브(합성),1005657,433540,0.0006858833551532,단기자금,0.1870647106300869,0.5271645428822526,12.0,0.0290798089570469,0.0617957012229235,9.0
2024-01-15,157450,TIGER 단기통안채,104729,20297,0.0006586263583621,단기자금,0.2598881994500213,0.4327548714636141,15.0,-0.1538532376289367,0.7699286657509395,4.0
2024-01-15,423160,KODEX KOFR금리액티브(합성),103721,90773,0.0007035636268337,단기자금,0.2598881994500213,0.4327548714636141,15.0,-0.1538532376289367,0.7699286657509395,4.0
2024-01-15,459580,KODEX CD금리액티브(합성),1005735,299228,0.0006858301795542,단기자금,0.2598881994500213,0.4327548714636141,15.0,-0.1538532376289367,0.7699286657509395,4.0
2024-01-16,157450,TIGER 단기통안채,104744,17350,0.0005154098099229,단기자금,0.2086520982993533,0.4806906120417791,8.0,0.0328484196215868,0.4250636134877252,12.0
2024-01-16,423160,KODEX KOFR금리액티브(합성),103731,348592,0.0006553269641358,단기자금,0.2086520982993533,0.4806906120417791,8.0,0.0328484196215868,0.4250636134877252,12.0
2024-01-16,459580,KODEX CD금리액티브(합성),1005840,280657,0.0006817845526825,단기자금,0.2086520982993533,0.4806906120417791,8.0,0.0328484196215868,0.4250636134877252,12.0
2024-01-17,157450,TIGER 단기통안채,104744,78950,0.0005631195059745,단기자금,0.0647021960903657,0.4367415849316146,12.0,0.0595545739763312,0.4601159201461061,9.0
2024-01-17,423160,KODEX KOFR금리액티브(합성),103741,387181,0.0007034280360382,단기자금,0.0647021960903657,0.4367415849316146,12.0,0.0595545739763312,0.4601159201461061,9.0
2024-01-17,459580,KODEX CD금리액티브(합성),1005943,270490,0.0006777411010254,단기자금,0.0647021960903657,0.4367415849316146,12.0,0.0595545739763312,0.4601159201461061,9.0
2024-01-18,157450,TIGER 단기통안채,104778,26268,0.0006106287757727,단기자금,0.0349378494560369,0.1440312222133603,15.0,-0.2348965071141719,0.1017341089379654,4.0
2024-01-18,423160,KODEX KOFR금리액티브(합성),103756,342917,0.0006551691148697,단기자금,0.0349378494560369,0.1440312222133603,15.0,-0.2348965071141719,0.1017341089379654,4.0
2024-01-18,459580,KODEX CD금리액티브(합성),1006036,311023,0.0006886050059335,단기자금,0.0349378494560369,0.1440312222133603,15.0,-0.2348965071141719,0.1017341089379654,4.0
2024-01-19,157450,TIGER 단기통안채,104788,13577,0.0006105705207808,단기자금,0.0134857173421055,0.457821607586558,11.0,-0.1179881457458524,0.4728886810516247,17.0
2024-01-19,423160,KODEX KOFR금리액티브(합성),103784,337249,0.0006164753219835,단기자금,0.0134857173421055,0.457821607586558,11.0,-0.1179881457458524,0.4728886810516247,17.0
2024-01-19,459580,KODEX CD금리액티브(합성),1006347,337011,0.0006754830705624,단기자금,0.0134857173421055,0.457821607586558,11.0,-0.1179881457458524,0.4728886810516247,17.0
2024-01-22,157450,TIGER 단기통안채,104798,11318,0.0004674568999245,단기자금,-0.0028393946049618,0.6189981840900927,9.0,-0.0187293688456217,0.5800904607253572,6.0
2024-01-22,423160,KODEX KOFR금리액티브(합성),103794,345871,0.000703068973058,단기자금,-0.0028393946049618,0.6189981840900927,9.0,-0.0187293688456217,0.5800904607253572,6.0
2024-01-22,459580,KODEX CD금리액티브(합성),1006425,296375,0.0006873460074263,단기자금,-0.0028393946049618,0.6189981840900927,9.0,-0.0187293688456217,0.5800904607253572,6.0
2024-01-23,157450,TIGER 단기통안채,104798,16569,0.0005628294250801,단기자금,0.1525180186966151,0.6713606521142749,7.0,-0.2079532542265951,0.506790700372185,8.0
2024-01-23,423160,KODEX KOFR금리액티브(합성),103799,335590,0.0007030351181125,단기자금,0.1525180186966151,0.6713606521142749,7.0,-0.2079532542265951,0.506790700372185,8.0
2024-01-23,459580,KODEX CD금리액티브(합성),1006526,319263,0.0006803271990545,단기자금,0.1525180186966151,0.6713606521142749,7.0,-0.2079532542265951,0.506790700372185,8.0
2024-01-24,157450,TIGER 단기통안채,104803,9520,0.0007058374959196,단기자금,0.3651066227434058,0.4778809481398639,10.0,-0.0919532231986522,0.5540155053548914,5.0
2024-01-24,423160,KODEX KOFR금리액티브(합성),103814,340233,0.0006548031972659,단기자금,0.3651066227434058,0.4778809481398639,10.0,-0.0919532231986522,0.5540155053548914,5.0
2024-01-24,459580,KODEX CD금리액티브(합성),1006625,236343,0.0006792675691471,단기자금,0.3651066227434058,0.4778809481398639,10.0,-0.0919532231986522,0.5540155053548914,5.0
2024-01-25,157450,TIGER 단기통안채,104842,6924,0.0006197884336103,단기자금,0.1202260362847482,0.422161064705833,16.0,-0.2049274053424596,0.6356311855328961,8.0
2024-01-25,423160,KODEX KOFR금리액티브(합성),103824,356261,0.0007028658922827,단기자금,0.1202260362847482,0.422161064705833,16.0,-0.2049274053424596,0.6356311855328961,8.0
2024-01-25,459580,KODEX CD금리액티브(합성),1006729,256230,0.0006772121362601,단기자금,0.1202260362847482,0.422161064705833,16.0,-0.2049274053424596,0.6356311855328961,8.0
2024-01-26,157450,TIGER 단기통안채,104852,16076,0.0006197293411354,단기자금,0.3092401238330542,0.4811250172553853,6.0,-0.2225731987506151,0.4276221827789507,10.0
2024-01-26,423160,KODEX KOFR금리액티브(합성),103848,332885,0.0007604380104133,단기자금,0.3092401238330542,0.4811250172553853,6.0,-0.2225731987506151,0.4276221827789507,10.0
2024-01-26,459580,KODEX CD금리액티브(합성),1007027,338604,0.0006899122695358,단기자금,0.3092401238330542,0.4811250172553853,6.0,-0.2225731987506151,0.4276221827789507,10.0
2024-01-29,157450,TIGER 단기통안채,104847,11307,0.0007150723242776,단기자금,-0.1033767621706324,0.3103090023138841,9.0,0.1134458861003319,0.3851675249060908,6.0
2024-01-29,423160,KODEX KOFR금리액티브(합성),103867,363450,0.0006256045709545,단기자금,-0.1033767621706324,0.3103090023138841,9.0,0.1134458861003319,0.3851675249060908,6.0
2024-01-29,459580,KODEX CD금리액티브(합성),1007117,294226,0.000681912617539,단기자금,-0.1033767621706324,0.3103090023138841,9.0,0.1134458861003319,0.3851675249060908,6.0
2024-01-30,157450,TIGER 단기통안채,104857,11887,0.0007150041536512,단기자금,0.1245028123524173,0.4258862378562158,27.0,-0.2333203429977099,0.4274292967590556,18.0
2024-01-30,423160,KODEX KOFR금리액티브(합성),103872,349790,0.0007121616330394,단기자금,0.1245028123524173,0.4258862378562158,27.0,-0.2333203429977099,0.4274292967590556,18.0
2024-01-30,459580,KODEX CD금리액티브(합성),1007211,382675,0.0006947470457436,단기자금,0.1245028123524173,0.4258862378562158,27.0,-0.2333203429977099,0.4274292967590556,18.0
2024-01-31,157450,TIGER 단기통안채,104877,32986,0.0008958866063739,단기자금,0.052787429701857,0.3112726028186727,10.0,-0.2895871025643178,0.338240517609377,14.0
2024-01-31,423160,KODEX KOFR금리액티브(합성),103882,383263,0.0007120931025799,단기자금,0.052787429701857,0.3112726028186727,10.0,-0.2895871025643178,0.338240517609377,14.0
2024-01-31,459580,KODEX CD금리액티브(합성),1007309,251436,0.0006867430094583,단기자금,0.052787429701857,0.3112726028186727,10.0,-0.2895871025643178,0.338240517609377,14.0
2024-02-01,157450,TIGER 단기통안채,104907,6404,0.0007527645393654,단기자금,0.279251373959726,0.4603720519429258,14.0,-0.0950595140457153,0.4692006995388179,13.0
2024-02-01,423160,KODEX KOFR금리액티브(합성),103897,354930,0.0010966390078763,단기자금,0.279251373959726,0.4603720519429258,14.0,-0.0950595140457153,0.4692006995388179,13.0
2024-02-01,459580,KODEX CD금리액티브(합성),1007411,152727,0.0011071770203283,단기자금,0.279251373959726,0.4603720519429258,14.0,-0.0950595140457153,0.4692006995388179,13.0
2024-02-02,157450,TIGER 단기통안채,104917,12821,0.0006574465585096,단기자금,0.2570039999161302,0.6108850777693143,11.0,-0.0610040958142942,0.5860370752564683,18.0
2024-02-02,423160,KODEX KOFR금리액티브(합성),103927,381091,0.0009040722334674,단기자금,0.2570039999161302,0.6108850777693143,11.0,-0.0610040958142942,0.5860370752564683,18.0
2024-02-02,459580,KODEX CD금리액티브(합성),1007722,106963,0.0008669267989844,단기자금,0.2570039999161302,0.6108850777693143,11.0,-0.0610040958142942,0.5860370752564683,18.0
2024-02-05,157450,TIGER 단기통안채,104922,12071,0.0007050372342085,단기자금,0.1795378097906549,0.5419498439464827,23.0,0.087782618190561,0.4576478024826152,7.0
2024-02-05,423160,KODEX KOFR금리액티브(합성),103932,59164,0.0009520925114419,단기자금,0.1795378097906549,0.5419498439464827,23.0,0.087782618190561,0.4576478024826152,7.0
2024-02-05,459580,KODEX CD금리액티브(합성),1007804,418001,0.000891640901381,단기자금,0.1795378097906549,0.5419498439464827,23.0,0.087782618190561,0.4576478024826152,7.0
2024-02-06,157450,TIGER 단기통안채,104932,14516,0.0007525852610346,단기자금,0.3286668786766732,0.4694054915635756,13.0,-0.2590297378599643,0.4974761681179899,10.0
2024-02-06,423160,KODEX KOFR금리액티브(합성),103946,46058,0.0009135186969047,단기자금,0.3286668786766732,0.4694054915635756,13.0,-0.2590297378599643,0.4974761681179899,10.0
2024-02-06,459580,KODEX CD금리액티브(합성),1007911,356857,0.0008885724815801,단기자금,0.3286668786766732,0.4694054915635756,13.0,-0.2590297378599643,0.4974761681179899,10.0
2024-02-07,157450,TIGER 단기통안채,104971,7268,0.0005238170188857,단기자금,0.0853327518116202,0.5688678304250505,20.0,-0.0055817109532654,0.6569137586558194,8.0
2024-02-07,423160,KODEX KOFR금리액티브(합성),103956,102648,0.0011536687943163,단기자금,0.0853327518116202,0.5688678304250505,20.0,-0.0055817109532654,0.6569137586558194,8.0
2024-02-07,459580,KODEX CD금리액티브(합성),1008001,360139,0.0010995925476997,단기자금,0.0853327518116202,0.5688678304250505,20.0,-0.0055817109532654,0.6569137586558194,8.0
2024-02-08,157450,TIGER 단기통안채,104986,23724,0.0005618218410798,단기자금,0.4151761962990956,0.6913587176430231,9.0,-0.1464952387743526,0.5734981166331391,9.0
2024-02-08,423160,KODEX KOFR금리액티브(합성),104011,142509,0.0007496396314543,단기자금,0.4151761962990956,0.6913587176430231,9.0,-0.1464952387743526,0.5734981166331391,9.0
2024-02-08,459580,KODEX CD금리액티브(합성),1008527,298273,0.0006769960862964,단기자금,0.4151761962990956,0.6913587176430231,9.0,-0.1464952387743526,0.5734981166331391,9.0
2024-02-13,157450,TIGER 단기통안채,104986,7775,0.0005618218410798,단기자금,0.3150160244100941,0.4818952988532337,6.0,-0.1247411237231322,0.3826636485687758,7.0
2024-02-13,423160,KODEX KOFR금리액티브(합성),104021,111888,0.0006535005758507,단기자금,0.3150160244100941,0.4818952988532337,6.0,-0.1247411237231322,0.3826636485687758,7.0
2024-02-13,459580,KODEX CD금리액티브(합성),1008596,533051,0.0007037011998605,단기자금,0.3150160244100941,0.4818952988532337,6.0,-0.1247411237231322,0.3826636485687758,7.0
2024-02-14,157450,TIGER 단기통안채,104996,10993,0.0006093613320299,단기자금,-0.1081751393510785,0.3156892472690308,10.0,-0.049001831933856,0.3185902652854879,10.0
2024-02-14,423160,KODEX KOFR금리액티브(합성),104031,40080,0.0007014678261061,단기자금,-0.1081751393510785,0.3156892472690308,10.0,-0.049001831933856,0.3185902652854879,10.0
2024-02-14,459580,KODEX CD금리액티브(합성),1008703,494225,0.0006966918322408,단기자금,-0.1081751393510785,0.3156892472690308,10.0,-0.049001831933856,0.3185902652854879,10.0
2024-02-15,157450,TIGER 단기통안채,105011,6843,0.0007044399042346,단기자금,0.1120928757720523,0.5813925506568399,9.0,-0.0817080342935191,0.5779766307866161,9.0
2024-02-15,423160,KODEX KOFR금리액티브(합성),104041,365744,0.0007014004274967,단기자금,0.1120928757720523,0.5813925506568399,9.0,-0.0817080342935191,0.5779766307866161,9.0
2024-02-15,459580,KODEX CD금리액티브(합성),1008807,350971,0.0006956294537712,단기자금,0.1120928757720523,0.5813925506568399,9.0,-0.0817080342935191,0.5779766307866161,9.0
2024-02-16,157450,TIGER 단기통안채,105026,6055,0.0006567644593378,단기자금,0.2902246662663608,0.4592170871103816,11.0,-0.1155856411904096,0.2276316855692742,10.0
2024-02-16,423160,KODEX KOFR금리액티브(합성),104076,44362,0.0006915629597887,단기자금,0.2902246662663608,0.4592170871103816,11.0,-0.1155856411904096,0.2276316855692742,10.0
2024-02-16,459580,KODEX CD금리액티브(합성),1009110,383267,0.0007013623358762,단기자금,0.2902246662663608,0.4592170871103816,11.0,-0.1155856411904096,0.2276316855692742,10.0
2024-02-19,157450,TIGER 단기통안채,105045,5800,0.0005710207150162,단기자금,0.0186642957014555,0.0440439347485396,7.0,0.0863773400584856,0.7914793350880841,3.0
2024-02-19,423160,KODEX KOFR금리액티브(합성),104089,336121,0.000662674636608,단기자금,0.0186642957014555,0.0440439347485396,7.0,0.0863773400584856,0.7914793350880841,3.0
2024-02-19,459580,KODEX CD금리액티브(합성),1009210,445953,0.0006904008313384,단기자금,0.0186642957014555,0.0440439347485396,7.0,0.0863773400584856,0.7914793350880841,3.0
2024-02-20,157450,TIGER 단기통안채,105045,14438,0.0006185910596716,단기자금,0.2889729854974575,0.4738262603489574,10.0,-0.1476504392921924,0.3831084538103466,12.0
2024-02-20,423160,KODEX KOFR금리액티브(합성),104089,315475,0.0007586780160018,단기자금,0.2889729854974575,0.4738262603489574,10.0,-0.1476504392921924,0.3831084538103466,12.0
2024-02-20,459580,KODEX CD금리액티브(합성),1009306,392740,0.0006982559238029,단기자금,0.2889729854974575,0.4738262603489574,10.0,-0.1476504392921924,0.3831084538103466,12.0
2024-02-21,157450,TIGER 단기통안채,105060,4339,0.0008467763541801,단기자금,-0.1765651289246307,0.5902272252684799,10.0,-0.0182466109593709,0.1483879375922349,9.0
2024-02-21,423160,KODEX KOFR금리액티브(합성),104104,318182,0.0007105751155993,단기자금,-0.1765651289246307,0.5902272252684799,10.0,-0.0182466109593709,0.1483879375922349,9.0
2024-02-21,459580,KODEX CD금리액티브(합성),1009406,427675,0.0006962067906357,단기자금,-0.1765651289246307,0.5902272252684799,10.0,-0.0182466109593709,0.1483879375922349,9.0
2024-02-22,157450,TIGER 단기통안채,105085,46655,0.0006563958397585,단기자금,0.1138390770538535,0.3322940229083599,9.0,0.0405127604802449,0.5817416200824709,9.0
2024-02-22,423160,KODEX KOFR금리액티브(합성),104114,329836,0.0009888111552509,단기자금,0.1138390770538535,0.3322940229083599,9.0,0.0405127604802449,0.5817416200824709,9.0
2024-02-22,459580,KODEX CD금리액티브(합성),1009509,488583,0.0010029549892216,단기자금,0.1138390770538535,0.3322940229083599,9.0,0.0405127604802449,0.5817416200824709,9.0
2024-02-23,157450,TIGER 단기통안채,105095,5285,0.0005136888680521,단기자금,0.0037217277404124,0.0086592265370509,6.0,-0.1390461701899767,0.4764735367608233,10.0
2024-02-23,423160,KODEX KOFR금리액티브(합성),104148,464827,0.0008062194505225,단기자금,0.0037217277404124,0.0086592265370509,6.0,-0.1390461701899767,0.4764735367608233,10.0
2024-02-23,459580,KODEX CD금리액티브(합성),1009818,532305,0.0007790448235862,단기자금,0.0037217277404124,0.0086592265370509,6.0,-0.1390461701899767,0.4764735367608233,10.0
2024-02-26,157450,TIGER 단기통안채,105105,16808,0.0006562709778581,단기자금,0.1677448847488752,0.4076097842065142,6.0,-0.2775351092219352,0.4518188820713507,5.0
2024-02-26,423160,KODEX KOFR금리액티브(합성),104158,312979,0.0007581756163475,단기자금,0.1677448847488752,0.4076097842065142,6.0,-0.2775351092219352,0.4518188820713507,5.0
2024-02-26,459580,KODEX CD금리액티브(합성),1009907,374083,0.0007868915173805,단기자금,0.1677448847488752,0.4076097842065142,6.0,-0.2775351092219352,0.4518188820713507,5.0
2024-02-27,157450,TIGER 단기통안채,105110,6806,0.0007037766465458,단기자금,-0.2181268618765494,0.4334393579988536,9.0,0.1623328351415693,0.5541881263231354,8.0
2024-02-27,423160,KODEX KOFR금리액티브(합성),104168,320913,0.0007101386988122,단기자금,-0.2181268618765494,0.4334393579988536,9.0,0.1623328351415693,0.5541881263231354,8.0
2024-02-27,459580,KODEX CD금리액티브(합성),1010011,427311,0.0007818639638372,단기자금,-0.2181268618765494,0.4334393579988536,9.0,0.1623328351415693,0.5541881263231354,8.0
2024-02-28,157450,TIGER 단기통안채,105149,33845,0.0006655004809061,단기자금,-0.1246853427214123,0.3321372240934666,7.0,-0.1830793602599038,0.3473559691503995,9.0
2024-02-28,423160,KODEX KOFR금리액티브(합성),104178,348400,0.0007580301176179,단기자금,-0.1246853427214123,0.3321372240934666,7.0,-0.1830793602599038,0.3473559691503995,9.0
2024-02-28,459580,KODEX CD금리액티브(합성),1010109,721921,0.0008797159747935,단기자금,-0.1246853427214123,0.3321372240934666,7.0,-0.1830793602599038,0.3473559691503995,9.0
2024-02-29,157450,TIGER 단기통안채,105154,9126,0.0007509970075432,단기자금,-0.0249390463477539,0.0711403417749138,8.0,-0.2434043407440185,0.4609366866010783,10.0
2024-02-29,423160,KODEX KOFR금리액티브(합성),104217,310088,0.0005659662585788,단기자금,-0.0249390463477539,0.0711403417749138,8.0,-0.2434043407440185,0.4609366866010783,10.0
2024-02-29,459580,KODEX CD금리액티브(합성),1010522,330974,0.0006835713156334,단기자금,-0.0249390463477539,0.0711403417749138,8.0,-0.2434043407440185,0.4609366866010783,10.0
2024-03-04,157450,TIGER 단기통안채,105149,20644,0.000941078126651,단기자금,0.0717277081429139,0.2671238407793946,14.0,,,
2024-03-04,423160,KODEX KOFR금리액티브(합성),104232,31081,0.0005562962324905,단기자금,0.0717277081429139,0.2671238407793946,14.0,,,
2024-03-04,459580,KODEX CD금리액티브(합성),1010605,174859,0.0006795598652544,단기자금,0.0717277081429139,0.2671238407793946,14.0,,,
2024-03-05,157450,TIGER 단기통안채,105174,29357,0.0007983577066372,단기자금,0.0140950517546419,0.5825948991344847,12.0,,,
2024-03-05,423160,KODEX KOFR금리액티브(합성),104237,46315,0.0006521468328681,단기자금,0.0140950517546419,0.5825948991344847,12.0,,,
2024-03-05,459580,KODEX CD금리액티브(합성),1010702,406191,0.0006903707406689,단기자금,0.0140950517546419,0.5825948991344847,12.0,,,
2024-03-06,157450,TIGER 단기통안채,105184,37823,0.0007982818358662,단기자금,0.2016642509115627,0.3376659271503871,7.0,,,
2024-03-06,423160,KODEX KOFR금리액티브(합성),104242,321644,0.0007000484565971,단기자금,0.2016642509115627,0.3376659271503871,7.0,,,
2024-03-06,459580,KODEX CD금리액티브(합성),1010801,390691,0.0006863486129073,단기자금,0.2016642509115627,0.3376659271503871,7.0,,,
2024-03-07,157450,TIGER 단기통안채,105219,8027,0.0007505332463253,단기자금,0.0314486040854262,0.2825204558363728,16.0,,,
2024-03-07,423160,KODEX KOFR금리액티브(합성),104257,493263,0.0007382869203134,단기자금,0.0314486040854262,0.2825204558363728,16.0,,,
2024-03-07,459580,KODEX CD금리액티브(합성),1010998,502177,0.0006931339969007,단기자금,0.0314486040854262,0.2825204558363728,16.0,,,
2024-03-08,157450,TIGER 단기통안채,105233,14808,0.0006649694359097,단기자금,0.0700456939547703,0.546666918863478,11.0,,,
2024-03-08,423160,KODEX KOFR금리액티브(합성),104276,469730,0.000699820280209,단기자금,0.0700456939547703,0.546666918863478,11.0,,,
2024-03-08,459580,KODEX CD금리액티브(합성),1011213,562964,0.0006860690687862,단기자금,0.0700456939547703,0.546666918863478,11.0,,,
2024-03-11,157450,TIGER 단기통안채,105248,35128,0.0006173983032446,단기자금,0.0743153320209886,0.6174433690691338,9.0,,,
2024-03-11,423160,KODEX KOFR금리액티브(합성),104290,379357,0.0007093082625075,단기자금,0.0743153320209886,0.6174433690691338,9.0,,,
2024-03-11,459580,KODEX CD금리액티브(합성),1011292,572219,0.0006850273364449,단기자금,0.0743153320209886,0.6174433690691338,9.0,,,
2024-03-12,157450,TIGER 단기통안채,105258,6399,0.0007027874357348,단기자금,0.0003635933098848,0.4248136818801682,12.0,,,
2024-03-12,423160,KODEX KOFR금리액티브(합성),104305,327481,0.0006613027905508,단기자금,0.0003635933098848,0.4248136818801682,12.0,,,
2024-03-12,459580,KODEX CD금리액티브(합성),1011400,543061,0.0006800139427678,단기자금,0.0003635933098848,0.4248136818801682,12.0,,,
2024-03-13,157450,TIGER 단기통안채,105268,11615,0.0006552551218508,단기자금,0.3100714581041757,0.4583638169407406,12.0,,,
2024-03-13,423160,KODEX KOFR금리액티브(합성),104315,358848,0.0006612394167113,단기자금,0.3100714581041757,0.4583638169407406,12.0,,,
2024-03-13,459580,KODEX CD금리액티브(합성),1011495,483244,0.000676986201995,단기자금,0.3100714581041757,0.4583638169407406,12.0,,,
2024-03-14,157450,TIGER 단기통안채,105298,7198,0.0006550684970676,단기자금,-0.2025370743878738,0.4201110186154618,10.0,,,
2024-03-14,423160,KODEX KOFR금리액티브(합성),104334,343259,0.0006611190398757,단기자금,-0.2025370743878738,0.4201110186154618,10.0,,,
2024-03-14,459580,KODEX CD금리액티브(합성),1011699,579524,0.0006758619720308,단기자금,-0.2025370743878738,0.4201110186154618,10.0,,,
2024-03-15,157450,TIGER 단기통안채,105303,13657,0.0007499347718393,단기자금,-0.1351763662049571,0.3810242910070447,7.0,,,
2024-03-15,423160,KODEX KOFR금리액티브(합성),104349,344037,0.0006610240364857,단기자금,-0.1351763662049571,0.3810242910070447,7.0,,,
2024-03-15,459580,KODEX CD금리액티브(합성),1011907,334326,0.0006776982230238,단기자금,-0.1351763662049571,0.3810242910070447,7.0,,,
2024-03-18,157450,TIGER 단기통안채,105313,39742,0.0006549752245348,단기자금,-0.0041810240659937,0.0089704362324875,7.0,,,
2024-03-18,423160,KODEX KOFR금리액티브(합성),104364,327214,0.0007088055008868,단기자금,-0.0041810240659937,0.0089704362324875,7.0,,,
2024-03-18,459580,KODEX CD금리액티브(합성),1011985,420607,0.0006835709140045,단기자금,-0.0041810240659937,0.0089704362324875,7.0,,,
2024-03-19,157450,TIGER 단기통안채,105332,46401,0.000664344648463,단기자금,0.0283665297812309,0.0947520599591155,17.0,,,
2024-03-19,423160,KODEX KOFR금리액티브(합성),104374,367440,0.0007087376147865,단기자금,0.0283665297812309,0.0947520599591155,17.0,,,
2024-03-19,459580,KODEX CD금리액티브(합성),1012088,402743,0.0006835013708936,단기자금,0.0283665297812309,0.0947520599591155,17.0,,,
2024-03-20,157450,TIGER 단기통안채,105337,9711,0.0006168768197749,단기자금,0.1368226421237683,0.3177695414318824,17.0,,,
2024-03-20,423160,KODEX KOFR금리액티브(합성),104384,317106,0.0006608024680581,단기자금,0.1368226421237683,0.3177695414318824,17.0,,,
2024-03-20,459580,KODEX CD금리액티브(합성),1012180,350923,0.0006854138478971,단기자금,0.1368226421237683,0.3177695414318824,17.0,,,
2024-03-21,157450,TIGER 단기통안채,105367,15379,0.0006072164059105,단기자금,0.1511950600201649,0.3768554260966593,13.0,,,
2024-03-21,423160,KODEX KOFR금리액티브(합성),104403,385269,0.000574531054843,단기자금,0.1511950600201649,0.3768554260966593,13.0,,,
2024-03-21,459580,KODEX CD금리액티브(합성),1012383,340297,0.0006783667913765,단기자금,0.1511950600201649,0.3768554260966593,13.0,,,
2024-03-22,157450,TIGER 단기통안채,105382,9520,0.0006071300013843,단기자금,-0.1967668466056542,0.5540549974865614,15.0,,,
2024-03-22,423160,KODEX KOFR금리액티브(합성),104418,329931,0.0007658580856446,단기자금,-0.1967668466056542,0.5540549974865614,15.0,,,
2024-03-22,459580,KODEX CD금리액티브(합성),1012593,335175,0.0006851343881635,단기자금,-0.1967668466056542,0.5540549974865614,15.0,,,
2024-03-25,157450,TIGER 단기통안채,105382,36336,0.00065454651277,단기자금,-0.3595660751921564,0.650751348843509,9.0,,,
2024-03-25,423160,KODEX KOFR금리액티브(합성),104438,340300,0.0006700296020873,단기자금,-0.3595660751921564,0.650751348843509,9.0,,,
2024-03-25,459580,KODEX CD금리액티브(합성),1012677,487452,0.0006752094738473,단기자금,-0.3595660751921564,0.650751348843509,9.0,,,
2024-03-26,157450,TIGER 단기통안채,105402,5968,0.0005121930510636,단기자금,0.2209857364569971,0.43910926807245,9.0,,,
2024-03-26,423160,KODEX KOFR금리액티브(합성),104448,330197,0.0006699654739854,단기자금,0.2209857364569971,0.43910926807245,9.0,,,
2024-03-26,459580,KODEX CD금리액티브(합성),1012780,336273,0.0006741541126782,단기자금,0.2209857364569971,0.43910926807245,9.0,,,
2024-03-27,157450,TIGER 단기통안채,105402,10240,0.0005121930510636,단기자금,0.0708760947645179,0.4925600888143419,17.0,,,
2024-03-27,423160,KODEX KOFR금리액티브(합성),104453,325954,0.0006699334145352,단기자금,0.0708760947645179,0.4925600888143419,17.0,,,
2024-03-27,459580,KODEX CD금리액티브(합성),1012874,254432,0.000683957763405,단기자금,0.0708760947645179,0.4925600888143419,17.0,,,
2024-03-28,157450,TIGER 단기통안채,105431,10543,0.0006637210339786,단기자금,-0.0353844457190462,0.4503930175214001,16.0,,,
2024-03-28,423160,KODEX KOFR금리액티브(합성),104463,42173,0.0006698693048434,단기자금,-0.0353844457190462,0.4503930175214001,16.0,,,
2024-03-28,459580,KODEX CD금리액티브(합성),1013070,255067,0.0006887575894989,단기자금,-0.0353844457190462,0.4503930175214001,16.0,,,
2024-03-29,157450,TIGER 단기통안채,105446,16427,0.0005214580083734,단기자금,0.1700624848588631,0.3646120283320784,10.0,,,
2024-03-29,423160,KODEX KOFR금리액티브(합성),104498,36938,0.0006027006912603,단기자금,0.1700624848588631,0.3646120283320784,10.0,,,
2024-03-29,459580,KODEX CD금리액티브(합성),1013287,262643,0.0006826928749141,단기자금,0.1700624848588631,0.3646120283320784,10.0,,,
2024-04-01,157450,TIGER 단기통안채,105451,6613,0.0006635951933784,단기자금,0.0365396596006415,0.2575938443865053,17.0,,,
2024-04-01,423160,KODEX KOFR금리액티브(합성),104508,492064,0.0006982672734192,단기자금,0.0365396596006415,0.2575938443865053,17.0,,,
2024-04-01,459580,KODEX CD금리액티브(합성),1013361,204099,0.0006925044076169,단기자금,0.0365396596006415,0.2575938443865053,17.0,,,
2024-04-02,157450,TIGER 단기통안채,105456,4335,0.0006635637406837,단기자금,0.0257916861877534,0.5347834347749707,13.0,,,
2024-04-02,423160,KODEX KOFR금리액티브(합성),104518,336474,0.000746004606265,단기자금,0.0257916861877534,0.5347834347749707,13.0,,,
2024-04-02,459580,KODEX CD금리액티브(합성),1013463,211452,0.0007900472220025,단기자금,0.0257916861877534,0.5347834347749707,13.0,,,
2024-04-03,157450,TIGER 단기통안채,105456,5941,0.0008909699839652,단기자금,0.0044206803552449,0.3405942796937631,11.0,,,
2024-04-03,423160,KODEX KOFR금리액티브(합성),104523,342452,0.0008415657443912,단기자금,0.0044206803552449,0.3405942796937631,11.0,,,
2024-04-03,459580,KODEX CD금리액티브(합성),1013567,244250,0.0008855876620188,단기자금,0.0044206803552449,0.3405942796937631,11.0,,,
2024-04-04,157450,TIGER 단기통안채,105501,5542,0.0002748411388147,단기자금,0.1091855845430366,0.4354012694532336,17.0,,,
2024-04-04,423160,KODEX KOFR금리액티브(합성),104533,621420,0.0010230766813403,단기자금,0.1091855845430366,0.4354012694532336,17.0,,,
2024-04-04,459580,KODEX CD금리액티브(합성),1013768,353243,0.0008854121540711,단기자금,0.1091855845430366,0.4354012694532336,17.0,,,
2024-04-05,157450,TIGER 단기통안채,105501,7730,0.0005117125424387,단기자금,0.2646419173777556,0.6618171429121136,9.0,,,
2024-04-05,423160,KODEX KOFR금리액티브(합성),104561,357275,0.0008412600276272,단기자금,0.2646419173777556,0.6618171429121136,9.0,,,
2024-04-05,459580,KODEX CD금리액티브(합성),1013979,365539,0.0007600818415056,단기자금,0.2646419173777556,0.6618171429121136,9.0,,,
2024-04-08,157450,TIGER 단기통안채,105521,3975,0.000322158846048,단기자금,-0.1389993163517525,0.3323285518912927,12.0,,,
2024-04-08,423160,KODEX KOFR금리액티브(합성),104581,396146,0.0006977800364378,단기자금,-0.1389993163517525,0.3323285518912927,12.0,,,
2024-04-08,459580,KODEX CD금리액티브(합성),1014063,491589,0.0007698726837404,단기자금,-0.1389993163517525,0.3323285518912927,12.0,,,
2024-04-09,157450,TIGER 단기통안채,105526,7968,0.000322143584075,단기자금,-0.00605571324397,0.485852406341263,9.0,,,
2024-04-09,423160,KODEX KOFR금리액티브(합성),104596,388237,0.0006499092267375,단기자금,-0.00605571324397,0.485852406341263,9.0,,,
2024-04-09,459580,KODEX CD금리액티브(합성),1014264,364431,0.0006633152897865,단기자금,-0.00605571324397,0.485852406341263,9.0,,,
2024-04-11,157450,TIGER 단기통안채,105550,68072,0.0003315414338747,단기자금,0.000431109946021,0.5333256350666962,8.0,,,
2024-04-11,423160,KODEX KOFR금리액티브(합성),104611,453417,0.0006020498545318,단기자금,0.000431109946021,0.5333256350666962,8.0,,,
2024-04-11,459580,KODEX CD금리액티브(합성),1014465,343508,0.0006582584572107,단기자금,0.000431109946021,0.5333256350666962,8.0,,,
2024-04-12,157450,TIGER 단기통안채,105530,7936,0.000710445953107,단기자금,0.0479799146265908,0.4522822193580396,11.0,,,
2024-04-12,423160,KODEX KOFR금리액티브(합성),104640,521943,0.0006114338313381,단기자금,0.0479799146265908,0.4522822193580396,11.0,,,
2024-04-12,459580,KODEX CD금리액티브(합성),1014666,343797,0.0006738863396993,단기자금,0.0479799146265908,0.4522822193580396,11.0,,,
2024-04-15,157450,TIGER 단기통안채,105555,7055,0.0005209196717608,단기자금,0.1632376156042786,0.4086251002941453,6.0,,,
2024-04-15,423160,KODEX KOFR금리액티브(합성),104649,542775,0.0006686790971706,단기자금,0.1632376156042786,0.4086251002941453,6.0,,,
2024-04-15,459580,KODEX CD금리액티브(합성),1014750,401967,0.0006639825204768,단기자금,0.1632376156042786,0.4086251002941453,6.0,,,
2024-04-16,157450,TIGER 단기통안채,105555,4925,0.0005209196717608,단기자금,0.0384954361948725,0.0784088102781765,7.0,,,
2024-04-16,423160,KODEX KOFR금리액티브(합성),104654,500927,0.0006686471607135,단기자금,0.0384954361948725,0.0784088102781765,7.0,,,
2024-04-16,459580,KODEX CD금리액티브(합성),1014844,477782,0.0006727834723427,단기자금,0.0384954361948725,0.0784088102781765,7.0,,,
2024-04-17,157450,TIGER 단기통안채,105560,7468,0.0005208950040831,단기자금,-0.1131079895370324,0.407789455091866,12.0,,,
2024-04-17,423160,KODEX KOFR금리액티브(합성),104664,644375,0.0006590352535837,단기자금,-0.1131079895370324,0.407789455091866,12.0,,,
2024-04-17,459580,KODEX CD금리액티브(합성),1014937,369238,0.00067666031822,단기자금,-0.1131079895370324,0.407789455091866,12.0,,,
2024-04-18,157450,TIGER 단기통안채,105585,5047,0.0004166390545758,단기자금,0.2944354591760202,0.6670553530222246,10.0,,,
2024-04-18,423160,KODEX KOFR금리액티브(합성),104674,685360,0.0007067070611483,단기자금,0.2944354591760202,0.6670553530222246,10.0,,,
2024-04-18,459580,KODEX CD금리액티브(합성),1015133,356987,0.0006834206749637,단기자금,0.2944354591760202,0.6670553530222246,10.0,,,
2024-04-19,157450,TIGER 단기통안채,105605,47943,0.0004638855705909,단기자금,-0.0673847438497019,0.3680408623337903,11.0,,,
2024-04-19,423160,KODEX KOFR금리액티브(합성),104704,424875,0.0006969606117497,단기자금,-0.0673847438497019,0.3680408623337903,11.0,,,
2024-04-19,459580,KODEX CD금리액티브(합성),1015350,369469,0.0006852430813442,단기자금,-0.0673847438497019,0.3680408623337903,11.0,,,
2024-04-22,157450,TIGER 단기통안채,105610,14203,0.0006531338825279,단기자금,0.0830133736011096,0.2879876710165112,12.0,,,
2024-04-22,423160,KODEX KOFR금리액티브(합성),104719,810174,0.0006873180548367,단기자금,0.0830133736011096,0.2879876710165112,12.0,,,
2024-04-22,459580,KODEX CD금리액티브(합성),1015424,450621,0.0006901138272521,단기자금,0.0830133736011096,0.2879876710165112,12.0,,,
2024-04-23,157450,TIGER 단기통안채,105610,52127,0.0006531338825279,단기자금,0.1175098779766765,0.4839171940985378,19.0,,,
2024-04-23,423160,KODEX KOFR금리액티브(합성),104724,1002663,0.0007827041873369,단기자금,0.1175098779766765,0.4839171940985378,19.0,,,
2024-04-23,459580,KODEX CD금리액티브(합성),1015527,439414,0.000793361788979,단기자금,0.1175098779766765,0.4839171940985378,19.0,,,
2024-04-24,157450,TIGER 단기통안채,105615,7596,0.0010220595387622,단기자금,0.0631012033255602,0.3738188961313965,9.0,,,
2024-04-24,423160,KODEX KOFR금리액티브(합성),104733,926394,0.0008398790304458,단기자금,0.0631012033255602,0.3738188961313965,9.0,,,
2024-04-24,459580,KODEX CD금리액티브(합성),1015624,432023,0.0009821646397405,단기자금,0.0631012033255602,0.3738188961313965,9.0,,,
2024-04-25,157450,TIGER 단기통안채,105629,7528,0.0010313815275075,단기자금,0.3495453050378604,0.4897617984240155,11.0,,,
2024-04-25,423160,KODEX KOFR금리액티브(합성),104748,1046920,0.001068661603174,단기자금,0.3495453050378604,0.4897617984240155,11.0,,,
2024-04-25,459580,KODEX CD금리액티브(합성),1015827,348960,0.0009672165533096,단기자금,0.3495453050378604,0.4897617984240155,11.0,,,
2024-04-26,157450,TIGER 단기통안채,105654,6571,0.0008893010112949,단기자금,-0.0839167721194546,0.6155332843774369,13.0,,,
2024-04-26,423160,KODEX KOFR금리액티브(합성),104777,1296810,0.0009348826353932,단기자금,-0.0839167721194546,0.6155332843774369,13.0,,,
2024-04-26,459580,KODEX CD금리액티브(합성),1016046,167065,0.0008519605937564,단기자금,-0.0839167721194546,0.6155332843774369,13.0,,,
2024-04-29,157450,TIGER 단기통안채,105679,7256,0.0006527075770801,단기자금,-0.1315487345848221,0.32777628160891,13.0,,,
2024-04-29,423160,KODEX KOFR금리액티브(합성),104791,53312,0.0008012744507386,단기자금,-0.1315487345848221,0.32777628160891,13.0,,,
2024-04-29,459580,KODEX CD금리액티브(합성),1016125,181784,0.0008695935001892,단기자금,-0.1315487345848221,0.32777628160891,13.0,,,
2024-04-30,157450,TIGER 단기통안채,105679,6905,0.00107815702356,단기자금,-0.2384085215657251,0.4168550108682854,10.0,,,
2024-04-30,423160,KODEX KOFR금리액티브(합성),104806,63007,0.000753489694242,단기자금,-0.2384085215657251,0.4168550108682854,10.0,,,
2024-04-30,459580,KODEX CD금리액티브(합성),1016333,283758,0.0008595848164425,단기자금,-0.2384085215657251,0.4168550108682854,10.0,,,
2024-05-02,157450,TIGER 단기통안채,105723,16026,0.0007564082317479,단기자금,-0.1129486010005862,0.4781307344716702,17.0,,,
2024-05-02,423160,KODEX KOFR금리액티브(합성),104821,922283,0.0008963650140536,단기자금,-0.1129486010005862,0.4781307344716702,17.0,,,
2024-05-02,459580,KODEX CD금리액티브(합성),1016622,260581,0.0007866103597073,단기자금,-0.1129486010005862,0.4781307344716702,17.0,,,
2024-05-03,157450,TIGER 단기통안채,105738,4389,0.0007941010059955,단기자금,0.2224467694463133,0.3792177294254661,7.0,,,
2024-05-03,423160,KODEX KOFR금리액티브(합성),104860,1266018,0.000667334025433,단기자금,0.2224467694463133,0.3792177294254661,7.0,,,
2024-05-03,459580,KODEX CD금리액티브(합성),1016810,245776,0.0006695174661341,단기자금,0.2224467694463133,0.3792177294254661,7.0,,,
2024-05-07,157450,TIGER 단기통안채,105748,7687,0.0007940259420866,단기자금,-0.710156315992208,0.48521242491903,7.0,,,
2024-05-07,423160,KODEX KOFR금리액티브(합성),104875,1020441,0.0007148814792721,단기자금,-0.710156315992208,0.48521242491903,7.0,,,
2024-05-07,459580,KODEX CD금리액티브(합성),1016912,295062,0.0007834383315259,단기자금,-0.710156315992208,0.48521242491903,7.0,,,
2024-05-08,157450,TIGER 단기통안채,105748,6547,0.001219137776518,단기자금,0.0727520282478228,0.4934999651818925,13.0,,,
2024-05-08,423160,KODEX KOFR금리액티브(합성),104875,619529,0.0008577964689155,단기자금,0.0727520282478228,0.4934999651818925,13.0,,,
2024-05-08,459580,KODEX CD금리액티브(합성),1017009,350497,0.0008747324761113,단기자금,0.0727520282478228,0.4934999651818925,13.0,,,
2024-05-09,157450,TIGER 단기통안채,105793,6221,0.0006992346500513,단기자금,0.0821250321504896,0.3739750476152628,17.0,,,
2024-05-09,423160,KODEX KOFR금리액티브(합성),104885,55016,0.0010005956760963,단기자금,0.0821250321504896,0.3739750476152628,17.0,,,
2024-05-09,459580,KODEX CD금리액티브(합성),1017207,255640,0.0008932243780837,단기자금,0.0821250321504896,0.3739750476152628,17.0,,,
2024-05-10,157450,TIGER 단기통안채,105803,4103,0.0007936133441237,단기자금,0.0140338150173192,0.4390363102667587,10.0,,,
2024-05-10,423160,KODEX KOFR금리액티브(합성),104915,924126,0.0008574695647336,단기자금,0.0140338150173192,0.4390363102667587,10.0,,,
2024-05-10,459580,KODEX CD금리액티브(합성),1017422,294954,0.0007486714379822,단기자금,0.0140338150173192,0.4390363102667587,10.0,,,
2024-05-13,157450,TIGER 단기통안채,105822,12328,0.0006140504375569,단기자금,-0.5691135762702159,0.5323580906361834,7.0,,,
2024-05-13,423160,KODEX KOFR금리액티브(합성),104930,935273,0.0007525996001582,단기자금,-0.5691135762702159,0.5323580906361834,7.0,,,
2024-05-13,459580,KODEX CD금리액티브(합성),1017491,300203,0.0007771004329129,단기자금,-0.5691135762702159,0.5323580906361834,7.0,,,
2024-05-14,157450,TIGER 단기통안채,105832,45860,0.0006139924341219,단기자금,0.02517880477502,0.3189392285819916,11.0,,,
2024-05-14,423160,KODEX KOFR금리액티브(합성),104950,28085,0.0006953275225018,단기자금,0.02517880477502,0.3189392285819916,11.0,,,
2024-05-14,459580,KODEX CD금리액티브(합성),1017709,370954,0.0006640165187263,단기자금,0.02517880477502,0.3189392285819916,11.0,,,
2024-05-16,157450,TIGER 단기통안채,105877,9641,0.0004626941155141,단기자금,0.0088446317206489,0.5280104998448407,16.0,,,
2024-05-16,423160,KODEX KOFR금리액티브(합성),104965,51417,0.0006476252381126,단기자금,0.0088446317206489,0.5280104998448407,16.0,,,
2024-05-16,459580,KODEX CD금리액티브(합성),1017899,270936,0.0006717466942696,단기자금,0.0088446317206489,0.5280104998448407,16.0,,,
2024-05-17,157450,TIGER 단기통안채,105867,7012,0.000745941029713,단기자금,0.0382127272310754,0.247300133207054,10.0,,,
2024-05-17,423160,KODEX KOFR금리액티브(합성),104990,41933,0.0006474710768546,단기자금,0.0382127272310754,0.247300133207054,10.0,,,
2024-05-17,459580,KODEX CD금리액티브(합성),1018116,295979,0.0006833820607177,단기자금,0.0382127272310754,0.247300133207054,10.0,,,
2024-05-20,157450,TIGER 단기통안채,105887,8402,0.0005098476232578,단기자금,-0.0001956307321961,0.0004961693994518,5.0,,,
2024-05-20,423160,KODEX KOFR금리액티브(합성),105005,44343,0.0006473786153229,단기자금,-0.0001956307321961,0.0004961693994518,5.0,,,
2024-05-20,459580,KODEX CD금리액티브(합성),1018184,299572,0.0006902067015914,단기자금,-0.0001956307321961,0.0004961693994518,5.0,,,
2024-05-21,157450,TIGER 단기통안채,105887,13354,0.0006042353302735,단기자금,0.1294910189067845,0.3299670420270741,14.0,,,
2024-05-21,423160,KODEX KOFR금리액티브(합성),105009,42970,0.0006949369838586,단기자금,0.1294910189067845,0.3299670420270741,14.0,,,
2024-05-21,459580,KODEX CD금리액티브(합성),1018282,278625,0.0006862148160848,단기자금,0.1294910189067845,0.3299670420270741,14.0,,,
2024-05-22,157450,TIGER 단기통안채,105897,5596,0.0007457297877593,단기자금,0.0082082807408975,0.6263108644961352,9.0,,,
2024-05-22,423160,KODEX KOFR금리액티브(합성),105023,26117,0.0006092047211403,단기자금,0.0082082807408975,0.6263108644961352,9.0,,,
2024-05-22,459580,KODEX CD금리액티브(합성),1018385,250905,0.0006802577781517,단기자금,0.0082082807408975,0.6263108644961352,9.0,,,
2024-05-23,157450,TIGER 단기통안채,105926,9575,0.0007549591736957,단기자금,-0.0058767682634285,0.3925709824342665,13.0,,,
2024-05-23,423160,KODEX KOFR금리액티브(합성),105033,44183,0.0006472060911004,단기자금,-0.0058767682634285,0.3925709824342665,13.0,,,
2024-05-23,459580,KODEX CD금리액티브(합성),1018583,269673,0.000687974266869,단기자금,-0.0058767682634285,0.3925709824342665,13.0,,,
2024-05-24,157450,TIGER 단기통안채,105946,4127,0.0005661659394835,단기자금,-0.1452480211076666,0.379828298349652,6.0,,,
2024-05-24,423160,KODEX KOFR금리액티브(합성),105058,53068,0.0006946129715181,단기자금,-0.1452480211076666,0.379828298349652,6.0,,,
2024-05-24,459580,KODEX CD금리액티브(합성),1018812,291309,0.0006750684155587,단기자금,-0.1452480211076666,0.379828298349652,6.0,,,
2024-05-27,157450,TIGER 단기통안채,105941,11255,0.0006605269357695,단기자금,-0.2401089770213399,0.6074498382588348,11.0,,,
2024-05-27,423160,KODEX KOFR금리액티브(합성),105073,55740,0.0007420656402619,단기자금,-0.2401089770213399,0.6074498382588348,11.0,,,
2024-05-27,459580,KODEX CD금리액티브(합성),1018887,360957,0.0006642298734576,단기자금,-0.2401089770213399,0.6074498382588348,11.0,,,
2024-05-28,157450,TIGER 단기통안채,105951,11165,0.0007453498535934,단기자금,-0.0004804052361578,0.4455296672081634,10.0,,,
2024-05-28,423160,KODEX KOFR금리액티브(합성),105082,20420,0.0007039641078776,단기자금,-0.0004804052361578,0.4455296672081634,10.0,,,
2024-05-28,459580,KODEX CD금리액티브(합성),1018981,349521,0.0006729950691752,단기자금,-0.0004804052361578,0.4455296672081634,10.0,,,
2024-05-29,157450,TIGER 단기통안채,105976,3480,0.0007923183270239,단기자금,0.0185936054546497,0.5630023132321403,12.0,,,
2024-05-29,423160,KODEX KOFR금리액티브(합성),105087,20219,0.0008465588840191,단기자금,0.0185936054546497,0.5630023132321403,12.0,,,
2024-05-29,459580,KODEX CD금리액티브(합성),1019078,392247,0.0007866763723036,단기자금,0.0185936054546497,0.5630023132321403,12.0,,,
2024-05-30,157450,TIGER 단기통안채,106006,4948,0.0007449632813596,단기자금,-0.0205718661203718,0.0450349157102546,10.0,,,
2024-05-30,423160,KODEX KOFR금리액티브(합성),105101,42616,0.0010365602346968,단기자금,-0.0205718661203718,0.0450349157102546,10.0,,,
2024-05-30,459580,KODEX CD금리액티브(합성),1019284,373178,0.0008923852675923,단기자금,-0.0205718661203718,0.0450349157102546,10.0,,,
2024-05-31,157450,TIGER 단기통안채,106006,7293,0.0008392228723437,단기자금,-0.0687025529692214,0.5402945391977296,9.0,,,
2024-05-31,423160,KODEX KOFR금리액티브(합성),105131,31240,0.000893723081413,단기자금,-0.0687025529692214,0.5402945391977296,9.0,,,
2024-05-31,459580,KODEX CD금리액티브(합성),1019500,371053,0.0007520467152861,단기자금,-0.0687025529692214,0.5402945391977296,9.0,,,
2024-06-03,157450,TIGER 단기통안채,106011,9629,0.0008863075501448,단기자금,0.2914064041738479,0.453542920437723,13.0,,,
2024-06-03,423160,KODEX KOFR금리액티브(합성),105151,38636,0.0007510184257437,단기자금,0.2914064041738479,0.453542920437723,13.0,,,
2024-06-03,459580,KODEX CD금리액티브(합성),1019564,392138,0.0007863015312494,단기자금,0.2914064041738479,0.453542920437723,13.0,,,
2024-06-04,157450,TIGER 단기통안채,106030,5155,0.000754218947792,단기자금,-2.743651258732336e-05,0.3767487807326455,13.0,,,
2024-06-04,423160,KODEX KOFR금리액티브(합성),105156,26799,0.0007509827294214,단기자금,-2.743651258732336e-05,0.3767487807326455,13.0,,,
2024-06-04,459580,KODEX CD금리액티브(합성),1019667,431774,0.0007803424687562,단기자금,-2.743651258732336e-05,0.3767487807326455,13.0,,,
2024-06-05,157450,TIGER 단기통안채,106060,19220,0.0007916910556584,단기자금,-0.000229346006381,0.0006156740076115,5.0,,,
2024-06-05,423160,KODEX KOFR금리액티브(합성),105176,23774,0.0006843326123426,단기자금,-0.000229346006381,0.0006156740076115,5.0,,,
2024-06-05,459580,KODEX CD금리액티브(합성),1019880,337826,0.0007703820829068,단기자금,-0.000229346006381,0.0006156740076115,5.0,,,
2024-06-07,157450,TIGER 단기통안채,106085,5594,0.0006973106707235,단기자금,-0.1960647720764179,0.3997903649269117,11.0,,,
2024-06-07,423160,KODEX KOFR금리액티브(합성),105210,38555,0.0006461176158794,단기자금,-0.1960647720764179,0.3997903649269117,11.0,,,
2024-06-07,459580,KODEX CD금리액티브(합성),1020194,417651,0.0006819905765524,단기자금,-0.1960647720764179,0.3997903649269117,11.0,,,
2024-06-10,157450,TIGER 단기통안채,106095,4998,0.000650149133186,단기자금,-0.1802385519671695,0.3586216127064748,17.0,,,
2024-06-10,423160,KODEX KOFR금리액티브(합성),105225,35236,0.0006460255404761,단기자금,-0.1802385519671695,0.3586216127064748,17.0,,,
2024-06-10,459580,KODEX CD금리액티브(합성),1020267,344738,0.0006790033902408,단기자금,-0.1802385519671695,0.3586216127064748,17.0,,,
2024-06-11,157450,TIGER 단기통안채,106105,6769,0.0007442684608882,단기자금,0.1521263808172079,0.3154885079653926,9.0,,,
2024-06-11,423160,KODEX KOFR금리액티브(합성),105230,38359,0.0005510217793016,단기자금,0.1521263808172079,0.3154885079653926,9.0,,,
2024-06-11,459580,KODEX CD금리액티브(합성),1020366,353909,0.0006779581571549,단기자금,0.1521263808172079,0.3154885079653926,9.0,,,
2024-06-12,157450,TIGER 단기통안채,106110,11530,0.0007913181511725,단기자금,0.0390384096468291,0.4949444370565923,7.0,,,
2024-06-12,423160,KODEX KOFR금리액티브(합성),105235,28823,0.0006839490724566,단기자금,0.0390384096468291,0.4949444370565923,7.0,,,
2024-06-12,459580,KODEX CD금리액티브(합성),1020463,351644,0.0006847486950949,단기자금,0.0390384096468291,0.4949444370565923,7.0,,,
2024-06-13,157450,TIGER 단기통안채,106144,5581,0.0007439950994658,단기자금,0.1216859269763517,0.4969876508370792,15.0,,,
2024-06-13,423160,KODEX KOFR금리액티브(합성),105248,45247,0.000655379597461,단기자금,0.1216859269763517,0.4969876508370792,15.0,,,
2024-06-13,459580,KODEX CD금리액티브(합성),1020666,365337,0.0006777589553212,단기자금,0.1216859269763517,0.4969876508370792,15.0,,,
2024-06-14,157450,TIGER 단기통안채,106159,14407,0.0006968247673579,단기자금,-0.0028086508315633,0.2611270994571597,12.0,,,
2024-06-14,423160,KODEX KOFR금리액티브(합성),105278,56611,0.0006551929017781,단기자금,-0.0028086508315633,0.2611270994571597,12.0,,,
2024-06-14,459580,KODEX CD금리액티브(합성),1020890,338045,0.0006795680402369,단기자금,-0.0028086508315633,0.2611270994571597,12.0,,,
2024-06-17,157450,TIGER 단기통안채,106164,5746,0.0006026592521095,단기자금,0.3329602457840034,0.5159379453452916,6.0,,,
2024-06-17,423160,KODEX KOFR금리액티브(합성),105293,28264,0.0006550995938159,단기자금,0.3329602457840034,0.5159379453452916,6.0,,,
2024-06-17,459580,KODEX CD금리액티브(합성),1020960,354948,0.0006873518718979,단기자금,0.3329602457840034,0.5159379453452916,6.0,,,
2024-06-18,157450,TIGER 단기통안채,106184,5223,0.0006025457740488,단기자금,-0.2480579178667209,0.4446650819138473,11.0,,,
2024-06-18,423160,KODEX KOFR금리액티브(합성),105288,20342,0.0007974936338364,단기자금,-0.2480579178667209,0.4446650819138473,11.0,,,
2024-06-18,459580,KODEX CD금리액티브(합성),1021058,412049,0.0006882646262358,단기자금,-0.2480579178667209,0.4446650819138473,11.0,,,
2024-06-19,157450,TIGER 단기통안채,106194,10958,0.0005083740612779,단기자금,0.059579426673176,0.4646589389242986,13.0,,,
2024-06-19,423160,KODEX KOFR금리액티브(합성),105307,42632,0.0007119498708334,단기자금,0.059579426673176,0.4646589389242986,13.0,,,
2024-06-19,459580,KODEX CD금리액티브(합성),1021162,429075,0.0006823229198751,단기자금,0.059579426673176,0.4646589389242986,13.0,,,
2024-06-20,157450,TIGER 단기통안채,106223,9986,0.0004705971022769,단기자금,0.0827994760407559,0.2657087572220151,14.0,,,
2024-06-20,423160,KODEX KOFR금리액티브(합성),105317,35262,0.0007118822942295,단기자금,0.0827994760407559,0.2657087572220151,14.0,,,
2024-06-20,459580,KODEX CD금리액티브(합성),1021358,498389,0.0006870841184891,단기자금,0.0827994760407559,0.2657087572220151,14.0,,,
2024-06-21,157450,TIGER 단기통안채,106233,6203,0.000611675492296,단기자금,-0.1457830761365975,0.3765122142803986,7.0,,,
2024-06-21,423160,KODEX KOFR금리액티브(합성),105347,36554,0.0007116796413662,단기자금,-0.1457830761365975,0.3765122142803986,7.0,,,
2024-06-21,459580,KODEX CD금리액티브(합성),1021584,433611,0.0006879103698071,단기자금,-0.1457830761365975,0.3765122142803986,7.0,,,
2024-06-24,157450,TIGER 단기통안채,106228,8766,0.0007904394878472,단기자금,0.0109594810858349,0.160707080898618,15.0,,,
2024-06-24,423160,KODEX KOFR금리액티브(합성),105362,39181,0.0007115783581959,단기자금,0.0109594810858349,0.160707080898618,15.0,,,
2024-06-24,459580,KODEX CD금리액티브(합성),1021662,681159,0.0006722077580487,단기자금,0.0109594810858349,0.160707080898618,15.0,,,
2024-06-25,157450,TIGER 단기통안채,106248,14540,0.0008373121828899,단기자금,-0.0028096159070888,0.0060226862103257,7.0,,,
2024-06-25,423160,KODEX KOFR금리액티브(합성),105372,19981,0.0007115108520974,단기자금,-0.0028096159070888,0.0060226862103257,7.0,,,
2024-06-25,459580,KODEX CD금리액티브(합성),1021761,713562,0.0006760548204312,단기자금,-0.0028096159070888,0.0060226862103257,7.0,,,
2024-06-26,157450,TIGER 단기통안채,106248,3250,0.0008373121828899,단기자금,-0.1243240428351176,0.33843364324921,9.0,,,
2024-06-26,423160,KODEX KOFR금리액티브(합성),105382,24842,0.0006166134835297,단기자금,-0.1243240428351176,0.33843364324921,9.0,,,
2024-06-26,459580,KODEX CD금리액티브(합성),1021859,730447,0.0006818576727365,단기자금,-0.1243240428351176,0.33843364324921,9.0,,,
2024-06-27,157450,TIGER 단기통안채,106273,10823,0.0011191311444775,단기자금,0.2044664384278197,0.407590880186372,9.0,,,
2024-06-27,423160,KODEX KOFR금리액티브(합성),105392,32976,0.000663966560479,단기자금,0.2044664384278197,0.407590880186372,9.0,,,
2024-06-27,459580,KODEX CD금리액티브(합성),1022060,574988,0.0006787903708076,단기자금,0.2044664384278197,0.407590880186372,9.0,,,
2024-06-28,157450,TIGER 단기통안채,106298,12088,0.0010624845270328,단기자금,0.1567940631874888,0.3623776849159215,9.0,,,
2024-06-28,423160,KODEX KOFR금리액티브(합성),105422,40487,0.0006922154488719,단기자금,0.1567940631874888,0.3623776849159215,9.0,,,
2024-06-28,459580,KODEX CD금리액티브(합성),1022287,605694,0.0006757070856746,단기자금,0.1567940631874888,0.3623776849159215,9.0,,,
2024-07-01,157450,TIGER 단기통안채,106312,10723,0.0010247588248066,단기자금,-0.0007561391003863,0.4006694927260894,11.0,,,
2024-07-01,423160,KODEX KOFR금리액티브(합성),105437,48992,0.0006921170048777,단기자금,-0.0007561391003863,0.4006694927260894,11.0,,,
2024-07-01,459580,KODEX CD금리액티브(합성),1022349,481581,0.0006883732662821,단기자금,-0.0007561391003863,0.4006694927260894,11.0,,,
2024-07-02,157450,TIGER 단기통안채,106337,14529,0.0007426452612264,단기자금,0.1885563601629525,0.282932513299495,7.0,,,
2024-07-02,423160,KODEX KOFR금리액티브(합성),105447,66735,0.0006446658863197,단기자금,0.1885563601629525,0.282932513299495,7.0,,,
2024-07-02,459580,KODEX CD금리액티브(합성),1022452,505015,0.0006804849695516,단기자금,0.1885563601629525,0.282932513299495,7.0,,,
2024-07-03,157450,TIGER 단기통안채,106337,10178,0.0010245180257264,단기자금,0.0616317828336667,0.346522076266147,11.0,,,
2024-07-03,423160,KODEX KOFR금리액티브(합성),105447,29545,0.0007299581783186,단기자금,0.0616317828336667,0.346522076266147,11.0,,,
2024-07-03,459580,KODEX CD금리액티브(합성),1022556,427993,0.0006628246543609,단기자금,0.0616317828336667,0.346522076266147,11.0,,,
2024-07-04,157450,TIGER 단기통안채,106392,14819,0.00055439926623,단기자금,0.4387348915398534,0.4281224872991475,9.0,,,
2024-07-04,423160,KODEX KOFR금리액티브(합성),105462,32137,0.000682477419426,단기자금,0.4387348915398534,0.4281224872991475,9.0,,,
2024-07-04,459580,KODEX CD금리액티브(합성),1022754,399217,0.0006656276865371,단기자금,0.4387348915398534,0.4281224872991475,9.0,,,
2024-07-05,157450,TIGER 단기통안채,106411,21233,0.0005167303299433,단기자금,0.0292496396754618,0.6961114554357092,7.0,,,
2024-07-05,423160,KODEX KOFR금리액티브(합성),105495,48546,0.0007012091406597,단기자금,0.0292496396754618,0.6961114554357092,7.0,,,
2024-07-05,459580,KODEX CD금리액티브(합성),1022978,527006,0.000663528205969,단기자금,0.0292496396754618,0.6961114554357092,7.0,,,
2024-07-08,157450,TIGER 단기통안채,106421,91030,0.0005166817871877,단기자금,0.3105075163959035,0.4752128014309079,7.0,,,
2024-07-08,423160,KODEX KOFR금리액티브(합성),105510,33539,0.0006063936817675,단기자금,0.3105075163959035,0.4752128014309079,7.0,,,
2024-07-08,459580,KODEX CD금리액티브(합성),1023053,478761,0.0006664100290212,단기자금,0.3105075163959035,0.4752128014309079,7.0,,,
2024-07-09,157450,TIGER 단기통안채,106416,3765,0.0007514842166234,단기자금,0.0737326698759716,0.3339329468759759,10.0,,,
2024-07-09,423160,KODEX KOFR금리액티브(합성),105515,54548,0.0006063649555265,단기자금,0.0737326698759716,0.3339329468759759,10.0,,,
2024-07-09,459580,KODEX CD금리액티브(합성),1023148,538261,0.0006595110770657,단기자금,0.0737326698759716,0.3339329468759759,10.0,,,
2024-07-10,157450,TIGER 단기통안채,106446,4746,0.0005165604701922,단기자금,-0.0850932684377767,0.5224220426863933,10.0,,,
2024-07-10,423160,KODEX KOFR금리액티브(합성),105524,63254,0.0006063132551492,단기자금,-0.0850932684377767,0.5224220426863933,10.0,,,
2024-07-10,459580,KODEX CD금리액티브(합성),1023234,700688,0.0006721520254462,단기자금,-0.0850932684377767,0.5224220426863933,10.0,,,
2024-07-11,157450,TIGER 단기통안채,106451,14307,0.0006479755686399,단기자금,4.29832871304825e-06,2.107660939667459e-05,5.0,,,
2024-07-11,423160,KODEX KOFR금리액티브(합성),105534,69643,0.0006536040812967,단기자금,4.29832871304825e-06,2.107660939667459e-05,5.0,,,
2024-07-11,459580,KODEX CD금리액티브(합성),1023435,478597,0.0006681142723881,단기자금,4.29832871304825e-06,2.107660939667459e-05,5.0,,,
2024-07-12,157450,TIGER 단기통안채,106466,24141,0.0006009502706731,단기자금,0.4178563496295412,0.5218383265450127,7.0,,,
2024-07-12,423160,KODEX KOFR금리액티브(합성),105569,60163,0.0006060548854556,단기자금,0.4178563496295412,0.5218383265450127,7.0,,,
2024-07-12,459580,KODEX CD금리액티브(합성),1023657,651078,0.0006660169504328,단기자금,0.4178563496295412,0.5218383265450127,7.0,,,
2024-07-15,157450,TIGER 단기통안채,106476,63207,0.0004600917447756,단기자금,0.2856486135398362,0.4878874049218304,7.0,,,
2024-07-15,423160,KODEX KOFR금리액티브(합성),105574,21908,0.0006912191771331,단기자금,0.2856486135398362,0.4878874049218304,7.0,,,
2024-07-15,459580,KODEX CD금리액티브(합성),1023735,735588,0.000663037723207,단기자금,0.2856486135398362,0.4878874049218304,7.0,,,
2024-07-16,157450,TIGER 단기통안채,106496,12269,0.0003192098644166,단기자금,0.0009973644700949,0.0023040329556964,5.0,,,
2024-07-16,423160,KODEX KOFR금리액티브(합성),105579,19982,0.0006911864537517,단기자금,0.0009973644700949,0.0023040329556964,5.0,,,
2024-07-16,459580,KODEX CD금리액티브(합성),1023823,710909,0.0006678611604815,단기자금,0.0009973644700949,0.0023040329556964,5.0,,,
2024-07-17,157450,TIGER 단기통안채,106501,8767,0.0004599837678682,단기자금,0.1748359009931543,0.7046388831129666,6.0,,,
2024-07-17,423160,KODEX KOFR금리액티브(합성),105588,35280,0.0007005917446321,단기자금,0.1748359009931543,0.7046388831129666,6.0,,,
2024-07-17,459580,KODEX CD금리액티브(합성),1023922,728607,0.0006668206231186,단기자금,0.1748359009931543,0.7046388831129666,6.0,,,
2024-07-18,157450,TIGER 단기통안채,106520,19550,0.0006569377553127,단기자금,0.0985284810423244,0.3505073440515167,7.0,,,
2024-07-18,423160,KODEX KOFR금리액티브(합성),105603,76464,0.0006531771620235,단기자금,0.0985284810423244,0.3505073440515167,7.0,,,
2024-07-18,459580,KODEX CD금리액티브(합성),1024119,500897,0.0006657165972203,단기자금,0.0985284810423244,0.3505073440515167,7.0,,,
2024-07-19,157450,TIGER 단기통안채,106530,11873,0.0007881995678875,단기자금,-0.1634688878427065,0.4001117598777085,6.0,,,
2024-07-19,423160,KODEX KOFR금리액티브(합성),105633,72368,0.0006529917188515,단기자금,-0.1634688878427065,0.4001117598777085,6.0,,,
2024-07-19,459580,KODEX CD금리액티브(합성),1024339,640776,0.0006675248447063,단기자금,-0.1634688878427065,0.4001117598777085,6.0,,,
2024-07-22,157450,TIGER 단기통안채,106525,94444,0.0009289277183466,단기자금,-0.1418164675819753,0.3493461678437574,8.0,,,
2024-07-22,423160,KODEX KOFR금리액티브(합성),105647,89992,0.0006529052147357,단기자금,-0.1418164675819753,0.3493461678437574,8.0,,,
2024-07-22,459580,KODEX CD금리액티브(합성),1024414,521521,0.0006616228737392,단기자금,-0.1418164675819753,0.3493461678437574,8.0,,,
2024-07-23,157450,TIGER 단기통안채,106530,12114,0.001022662859043,단기자금,-0.2360040812345687,0.4900456341532519,4.0,,,
2024-07-23,423160,KODEX KOFR금리액티브(합성),105652,39613,0.000700167501094,단기자금,-0.2360040812345687,0.4900456341532519,4.0,,,
2024-07-23,459580,KODEX CD금리액티브(합성),1024507,583264,0.0006654645617381,단기자금,-0.2360040812345687,0.4900456341532519,4.0,,,
2024-07-24,157450,TIGER 단기통안채,106550,11927,0.0008818259997127,단기자금,0.1155548175829608,0.2900811020348188,6.0,,,
2024-07-24,423160,KODEX KOFR금리액티브(합성),105662,43941,0.0006906436978919,단기자금,0.1155548175829608,0.2900811020348188,6.0,,,
2024-07-24,459580,KODEX CD금리액티브(합성),1024605,610980,0.0006654009334781,단기자금,0.1155548175829608,0.2900811020348188,6.0,,,
2024-07-25,157450,TIGER 단기통안채,106590,18211,0.0008346267405627,단기자금,-0.2837507435594619,0.4878619945912399,7.0,,,
2024-07-25,423160,KODEX KOFR금리액티브(합성),105672,50460,0.0006905783631498,단기자금,-0.2837507435594619,0.4878619945912399,7.0,,,
2024-07-25,459580,KODEX CD금리액티브(합성),1024801,521841,0.0006535718420277,단기자금,-0.2837507435594619,0.4878619945912399,7.0,,,
2024-07-26,157450,TIGER 단기통안채,106614,23204,0.0006563587329733,단기자금,8.225757774198428e-05,0.0002113283172679,5.0,,,
2024-07-26,423160,KODEX KOFR금리액티브(합성),105702,26263,0.0006809283586033,단기자금,8.225757774198428e-05,0.0002113283172679,5.0,,,
2024-07-26,459580,KODEX CD금리액티브(합성),1025023,527816,0.0006553802366333,단기자금,8.225757774198428e-05,0.0002113283172679,5.0,,,
2024-07-29,157450,TIGER 단기통안채,106624,7525,0.0008343607078291,단기자금,0.283652086210471,0.4508099499950471,6.0,,,
2024-07-29,423160,KODEX KOFR금리액티브(합성),105716,100817,0.0007375538133977,단기자금,0.283652086210471,0.4508099499950471,6.0,,,
2024-07-29,459580,KODEX CD금리액티브(합성),1025092,543142,0.0006641100462765,단기자금,0.283652086210471,0.4508099499950471,6.0,,,
2024-07-30,157450,TIGER 단기통안채,106639,5977,0.0008342433943564,단기자금,0.0005555598757685,0.0007434012019101,6.0,,,
2024-07-30,423160,KODEX KOFR금리액티브(합성),105726,18787,0.0006429652263868,단기자금,0.0005555598757685,0.0007434012019101,6.0,,,
2024-07-30,459580,KODEX CD금리액티브(합성),1025189,502822,0.0006620976645734,단기자금,0.0005555598757685,0.0007434012019101,6.0,,,
2024-07-31,157450,TIGER 단기통안채,106644,75937,0.0008810490676864,단기자금,-0.2138990697890727,0.4483844481185465,9.0,,,
2024-07-31,423160,KODEX KOFR금리액티브(합성),105735,135208,0.0006523619989433,단기자금,-0.2138990697890727,0.4483844481185465,9.0,,,
2024-07-31,459580,KODEX CD금리액티브(합성),1025287,698191,0.0006571609325209,단기자금,-0.2138990697890727,0.4483844481185465,9.0,,,
2024-08-01,157450,TIGER 단기통안채,106679,10402,0.0007402653111459,단기자금,0.999827802181244,0.0,1.0,-0.0609763222323222,0.5151019558823242,11.0
2024-08-01,423160,KODEX KOFR금리액티브(합성),105745,36900,0.0006995519371706,단기자금,0.999827802181244,0.0,1.0,-0.0609763222323222,0.5151019558823242,11.0
2024-08-01,459580,KODEX CD금리액티브(합성),1025471,813139,0.0006628901668062,단기자금,0.999827802181244,0.0,1.0,-0.0609763222323222,0.5151019558823242,11.0
2024-08-02,157450,TIGER 단기통안채,106684,7251,0.0008807188733932,단기자금,0.1737644943241321,0.5714260480219763,10.0,-0.2837532884799517,0.4934706777181271,13.0
2024-08-02,423160,KODEX KOFR금리액티브(합성),105774,48925,0.0007088076734564,단기자금,0.1737644943241321,0.5714260480219763,10.0,-0.2837532884799517,0.4934706777181271,13.0
2024-08-02,459580,KODEX CD금리액티브(합성),1025695,1389934,0.0006676169491299,단기자금,0.1737644943241321,0.5714260480219763,10.0,-0.2837532884799517,0.4934706777181271,13.0
2024-08-05,157450,TIGER 단기통안채,106713,43340,0.0006557500141308,단기자금,-0.2508033531072821,0.3970260581623928,9.0,-0.457389271394773,0.4169379703202889,11.0
2024-08-05,423160,KODEX KOFR금리액티브(합성),105794,106130,0.0006142129054964,단기자금,-0.2508033531072821,0.3970260581623928,9.0,-0.457389271394773,0.4169379703202889,11.0
2024-08-05,459580,KODEX CD금리액티브(합성),1025773,1667737,0.0006568496791121,단기자금,-0.2508033531072821,0.3970260581623928,9.0,-0.457389271394773,0.4169379703202889,11.0
2024-08-06,157450,TIGER 단기통안채,106728,18425,0.0007399255728959,단기자금,-0.0039436355812843,0.0115950363210004,9.0,-0.2257897207513451,0.3225922628404457,10.0
2024-08-06,423160,KODEX KOFR금리액티브(합성),105794,39060,0.0007086737232189,단기자금,-0.0039436355812843,0.0115950363210004,9.0,-0.2257897207513451,0.3225922628404457,10.0
2024-08-06,459580,KODEX CD금리액티브(합성),1025868,1492065,0.0006587371584707,단기자금,-0.0039436355812843,0.0115950363210004,9.0,-0.2257897207513451,0.3225922628404457,10.0
2024-08-07,157450,TIGER 단기통안채,106738,12781,0.0009738740352069,단기자금,-0.2500280951123083,0.4098590502754666,6.0,-0.1858290616761554,0.4420646297006987,11.0
2024-08-07,423160,KODEX KOFR금리액티브(합성),105804,60261,0.0008030497424851,단기자금,-0.2500280951123083,0.4098590502754666,6.0,-0.1858290616761554,0.4420646297006987,11.0
2024-08-07,459580,KODEX CD금리액티브(합성),1025961,2340944,0.0007706874162654,단기자금,-0.2500280951123083,0.4098590502754666,6.0,-0.1858290616761554,0.4420646297006987,11.0
2024-08-08,157450,TIGER 단기통안채,106758,11245,0.0007397177237518,단기자금,0.316039276885931,0.4902424825625371,6.0,-0.1972166154533624,0.3599434798810653,10.0
2024-08-08,423160,KODEX KOFR금리액티브(합성),105819,28125,0.0009917684042122,단기자금,0.316039276885931,0.4902424825625371,6.0,-0.1972166154533624,0.3599434798810653,10.0
2024-08-08,459580,KODEX CD금리액티브(합성),1026151,1173968,0.0008757058441428,단기자금,0.316039276885931,0.4902424825625371,6.0,-0.1972166154533624,0.3599434798810653,10.0
2024-08-09,157450,TIGER 단기통안채,106778,12723,0.0006459918305399,단기자금,0.3332518491176112,0.5772429598027708,3.0,-0.045286542425553,0.2167556855458927,9.0
2024-08-09,423160,KODEX KOFR금리액티브(합성),105849,40615,0.0008027084757902,단기자금,0.3332518491176112,0.5772429598027708,3.0,-0.045286542425553,0.2167556855458927,9.0
2024-08-09,459580,KODEX CD금리액티브(합성),1026380,1344084,0.0007304566652681,단기자금,0.3332518491176112,0.5772429598027708,3.0,-0.045286542425553,0.2167556855458927,9.0
2024-08-12,157450,TIGER 단기통안채,106783,18868,0.0008799027058401,단기자금,4.302275192458183e-05,6.123283805668046e-05,3.0,-0.2739009087284406,0.3953507159387911,3.0
2024-08-12,423160,KODEX KOFR금리액티브(합성),105859,30394,0.0007931936847054,단기자금,4.302275192458183e-05,6.123283805668046e-05,3.0,-0.2739009087284406,0.3953507159387911,3.0
2024-08-12,459580,KODEX CD금리액티브(합성),1026447,1616898,0.0007615612567857,단기자금,4.302275192458183e-05,6.123283805668046e-05,3.0,-0.2739009087284406,0.3953507159387911,3.0
2024-08-13,157450,TIGER 단기통안채,106807,48052,0.0006551730827215,단기자금,0.3089648988243425,0.5807620810766966,3.0,-0.2051374209778649,0.2192184336948349,7.0
2024-08-13,423160,KODEX KOFR금리액티브(합성),105869,33666,0.0007836806005823,단기자금,0.3089648988243425,0.5807620810766966,3.0,-0.2051374209778649,0.2192184336948349,7.0
2024-08-13,459580,KODEX CD금리액티브(합성),1026544,1391859,0.000757595711903,단기자금,0.3089648988243425,0.5807620810766966,3.0,-0.2051374209778649,0.2192184336948349,7.0
2024-08-14,157450,TIGER 단기통안채,106842,34274,0.000467871287789,단기자금,-0.2748493056735444,0.6432900916688796,9.0,-0.0146740015063967,0.6383159386932595,7.0
2024-08-14,423160,KODEX KOFR금리액티브(합성),105889,38461,0.0006891636375492,단기자금,-0.2748493056735444,0.6432900916688796,9.0,-0.0146740015063967,0.6383159386932595,7.0
2024-08-14,459580,KODEX CD금리액티브(합성),1026752,1721144,0.0007496566047766,단기자금,-0.2748493056735444,0.6432900916688796,9.0,-0.0146740015063967,0.6383159386932595,7.0
2024-08-16,157450,TIGER 단기통안채,106837,9381,0.0006924041671165,단기자금,-0.0285052762661838,0.4418438386682022,11.0,-0.1616448443382978,0.1930314324873828,8.0
2024-08-16,423160,KODEX KOFR금리액티브(합성),105924,44459,0.0006323290209042,단기자금,-0.0285052762661838,0.4418438386682022,11.0,-0.1616448443382978,0.1930314324873828,8.0
2024-08-16,459580,KODEX CD금리액티브(합성),1027050,1663961,0.0006852235323133,단기자금,-0.0285052762661838,0.4418438386682022,11.0,-0.1616448443382978,0.1930314324873828,8.0
2024-08-19,157450,TIGER 단기통안채,106847,9530,0.0007391017911171,단기자금,0.0652083703109383,0.5970311845634797,10.0,0.0536122970283031,0.4089429711098797,10.0
2024-08-19,423160,KODEX KOFR금리액티브(합성),105934,41694,0.0006322693489231,단기자금,0.0652083703109383,0.5970311845634797,10.0,0.0536122970283031,0.4089429711098797,10.0
2024-08-19,459580,KODEX CD금리액티브(합성),1027130,2105299,0.0006579280565279,단기자금,0.0652083703109383,0.5970311845634797,10.0,0.0536122970283031,0.4089429711098797,10.0
2024-08-20,157450,TIGER 단기통안채,106877,26491,0.0004583658868941,단기자금,-0.0485825357773137,0.0687355506465454,2.0,-0.021912345290184,0.3239949309685171,5.0
2024-08-20,423160,KODEX KOFR금리액티브(합성),105943,29212,0.0006416486816309,단기자금,-0.0485825357773137,0.0687355506465454,2.0,-0.021912345290184,0.3239949309685171,5.0
2024-08-20,459580,KODEX CD금리액티브(합성),1027229,2410505,0.0006578646690478,단기자금,-0.0485825357773137,0.0687355506465454,2.0,-0.021912345290184,0.3239949309685171,5.0
2024-08-21,157450,TIGER 단기통안채,106877,8499,0.0005986399827069,단기자금,-0.0180307019160993,0.5417717440335209,7.0,-0.3479009461589157,0.3569460055660812,8.0
2024-08-21,423160,KODEX KOFR금리액티브(합성),105952,38515,0.0006510263329477,단기자금,-0.0180307019160993,0.5417717440335209,7.0,-0.3479009461589157,0.3569460055660812,8.0
2024-08-21,459580,KODEX CD금리액티브(합성),1027322,3344929,0.0006636417045573,단기자금,-0.0180307019160993,0.5417717440335209,7.0,-0.3479009461589157,0.3569460055660812,8.0
2024-08-22,157450,TIGER 단기통안채,106892,11154,0.0006920480220831,단기자금,0.0706889763920723,0.5377672865202193,9.0,-0.3465133011341095,0.3523272094820257,10.0
2024-08-22,423160,KODEX KOFR금리액티브(합성),105962,38336,0.000650964913337,단기자금,0.0706889763920723,0.5377672865202193,9.0,-0.3465133011341095,0.3523272094820257,10.0
2024-08-22,459580,KODEX CD금리액티브(합성),1027522,2045906,0.0006586497141132,단기자금,0.0706889763920723,0.5377672865202193,9.0,-0.3465133011341095,0.3523272094820257,10.0
2024-08-23,157450,TIGER 단기통안채,106911,4633,0.0006545359573912,단기자금,-0.0001396162837668,0.0016804530159067,7.0,-0.3402174382160107,0.3804662162438864,9.0
2024-08-23,423160,KODEX KOFR금리액티브(합성),105991,34937,0.0006602154428421,단기자금,-0.0001396162837668,0.0016804530159067,7.0,-0.3402174382160107,0.3804662162438864,9.0
2024-08-23,459580,KODEX CD금리액티브(합성),1027754,518011,0.000654611655328,단기자금,-0.0001396162837668,0.0016804530159067,7.0,-0.3402174382160107,0.3804662162438864,9.0
2024-08-26,157450,TIGER 단기통안채,106926,10745,0.0004675038186707,단기자금,0.007745162597631,0.6819687188709597,9.0,-0.3209986668080091,0.4242826653606116,4.0
2024-08-26,423160,KODEX KOFR금리액티브(합성),106001,29655,0.0007449984077201,단기자금,0.007745162597631,0.6819687188709597,9.0,-0.3209986668080091,0.4242826653606116,4.0
2024-08-26,459580,KODEX CD금리액티브(합성),1027806,568296,0.0006662461943367,단기자금,0.007745162597631,0.6819687188709597,9.0,-0.3209986668080091,0.4242826653606116,4.0
2024-08-27,157450,TIGER 단기통안채,106926,4241,0.0006450979790937,단기자금,0.3366312180011543,0.5081992062740288,6.0,-0.0018156424630433,0.1460840751201957,8.0
2024-08-27,423160,KODEX KOFR금리액티브(합성),106011,38079,0.0006977972522115,단기자금,0.3366312180011543,0.5081992062740288,6.0,-0.0018156424630433,0.1460840751201957,8.0
2024-08-27,459580,KODEX CD금리액티브(합성),1027905,577559,0.0006661820479347,단기자금,0.3366312180011543,0.5081992062740288,6.0,-0.0018156424630433,0.1460840751201957,8.0
2024-08-28,157450,TIGER 단기통안채,106941,9917,0.0004674382599176,단기자금,0.0512867918874285,0.1445876350955065,9.0,-0.2414950526186398,0.3158336259993053,7.0
2024-08-28,423160,KODEX KOFR금리액티브(합성),106021,26382,0.0006883058989899,단기자금,0.0512867918874285,0.1445876350955065,9.0,-0.2414950526186398,0.3158336259993053,7.0
2024-08-28,459580,KODEX CD금리액티브(합성),1028004,457608,0.0006632015763159,단기자금,0.0512867918874285,0.1445876350955065,9.0,-0.2414950526186398,0.3158336259993053,7.0
2024-08-29,157450,TIGER 단기통안채,106966,8713,0.0005981420391787,단기자금,-0.0479634599905693,0.8346138980039007,5.0,-0.2455716384574771,0.4986106262088673,8.0
2024-08-29,423160,KODEX KOFR금리액티브(합성),106031,27781,0.0006882410057897,단기자금,-0.0479634599905693,0.8346138980039007,5.0,-0.2455716384574771,0.4986106262088673,8.0
2024-08-29,459580,KODEX CD금리액티브(합성),1028199,351407,0.0006708512478592,단기자금,-0.0479634599905693,0.8346138980039007,5.0,-0.2455716384574771,0.4986106262088673,8.0
2024-08-30,157450,TIGER 단기통안채,106981,8725,0.0007381763642211,단기자금,0.1263644705206388,0.5932149876204863,10.0,-0.2009915260391103,0.3118289120714869,9.0
2024-08-30,423160,KODEX KOFR금리액티브(합성),106061,31108,0.000688046399583,단기자금,0.1263644705206388,0.5932149876204863,10.0,-0.2009915260391103,0.3118289120714869,9.0
2024-08-30,459580,KODEX CD금리액티브(합성),1028427,463894,0.0006570985835683,단기자금,0.1263644705206388,0.5932149876204863,10.0,-0.2009915260391103,0.3118289120714869,9.0
2024-09-02,157450,TIGER 단기통안채,106976,4076,0.0009250132637461,단기자금,-0.0042853711667703,0.45582874374354,10.0,,,
2024-09-02,423160,KODEX KOFR금리액티브(합성),106080,29851,0.0006502410361566,단기자금,-0.0042853711667703,0.45582874374354,10.0,,,
2024-09-02,459580,KODEX CD금리액티브(합성),1028491,203242,0.0006667742565049,단기자금,-0.0042853711667703,0.45582874374354,10.0,,,
2024-09-03,157450,TIGER 단기통안채,106995,9275,0.0009248490773146,단기자금,0.1047462511787671,0.2857593299075985,8.0,,,
2024-09-03,423160,KODEX KOFR금리액티브(합성),106085,16994,0.0006502103989465,단기자금,0.1047462511787671,0.2857593299075985,8.0,,,
2024-09-03,459580,KODEX CD금리액티브(합성),1028590,243883,0.0006618523067007,단기자금,0.1047462511787671,0.2857593299075985,8.0,,,
2024-09-04,157450,TIGER 단기통안채,106991,12651,0.0010556062541677,단기자금,-0.1157354154278841,0.3373453507528996,9.0,,,
2024-09-04,423160,KODEX KOFR금리액티브(합성),106094,50807,0.0006595746924755,단기자금,-0.1157354154278841,0.3373453507528996,9.0,,,
2024-09-04,459580,KODEX CD금리액티브(합성),1028686,277677,0.0006608190898429,단기자금,-0.1157354154278841,0.3373453507528996,9.0,,,
2024-09-05,157450,TIGER 단기통안채,107030,7555,0.0010645550885381,단기자금,0.2863090224960946,0.4595643989737097,11.0,,,
2024-09-05,423160,KODEX KOFR금리액티브(합성),106104,44731,0.0010267666703658,단기자금,0.2863090224960946,0.4595643989737097,11.0,,,
2024-09-05,459580,KODEX CD금리액티브(합성),1028889,250159,0.0009491173775817,단기자금,0.2863090224960946,0.4595643989737097,11.0,,,
2024-09-06,157450,TIGER 단기통안채,107060,10004,0.0008776271021826,단기자금,-0.0035406279257585,0.007040376671908,4.0,,,
2024-09-06,423160,KODEX KOFR금리액티브(합성),106134,79511,0.0008664532468998,단기자금,-0.0035406279257585,0.007040376671908,4.0,,,
2024-09-06,459580,KODEX CD금리액티브(합성),1029103,360757,0.0009460077046572,단기자금,-0.0035406279257585,0.007040376671908,4.0,,,
2024-09-09,157450,TIGER 단기통안채,107075,7439,0.0011947098183195,단기자금,-0.0029791475477395,0.0082618925221704,5.0,,,
2024-09-09,423160,KODEX KOFR금리액티브(합성),106149,42985,0.0009604520512329,단기자금,-0.0029791475477395,0.0082618925221704,5.0,,,
2024-09-09,459580,KODEX CD금리액티브(합성),1029177,422345,0.0010643619446621,단기자금,-0.0029791475477395,0.0082618925221704,5.0,,,
2024-09-10,157450,TIGER 단기통안채,107094,6078,0.0011105564655427,단기자금,0.3204447015923506,0.5550547955806544,3.0,,,
2024-09-10,423160,KODEX KOFR금리액티브(합성),106154,28882,0.0010545147385236,단기자금,0.3204447015923506,0.5550547955806544,3.0,,,
2024-09-10,459580,KODEX CD금리액티브(합성),1029271,416152,0.0011787805357261,단기자금,0.3204447015923506,0.5550547955806544,3.0,,,
2024-09-11,157450,TIGER 단기통안채,107104,5742,0.0010638199601658,단기자금,0.128335703031189,0.2870167501424315,5.0,,,
2024-09-11,423160,KODEX KOFR금리액티브(합성),106164,45600,0.0011955474347704,단기자금,0.128335703031189,0.2870167501424315,5.0,,,
2024-09-11,459580,KODEX CD금리액티브(합성),1029366,465033,0.0011534429800317,단기자금,0.128335703031189,0.2870167501424315,5.0,,,
2024-09-12,157450,TIGER 단기통안채,107144,10883,0.0007836844765076,단기자금,0.1664800940222145,0.408010190772712,6.0,,,
2024-09-12,423160,KODEX KOFR금리액티브(합성),106213,31215,0.0008281807789582,단기자금,0.1664800940222145,0.408010190772712,6.0,,,
2024-09-12,459580,KODEX CD금리액티브(합성),1029866,311754,0.0007522420807557,단기자금,0.1664800940222145,0.408010190772712,6.0,,,
2024-09-13,157450,TIGER 단기통안채,107154,8820,0.0008768575481852,단기자금,-1.5510022421949543e-05,2.83880710385724e-05,2.0,,,
2024-09-13,423160,KODEX KOFR금리액티브(합성),106226,40498,0.0007998607727746,단기자금,-1.5510022421949543e-05,2.83880710385724e-05,2.0,,,
2024-09-13,459580,KODEX CD금리액티브(합성),1030077,472632,0.0006482850274256,단기자금,-1.5510022421949543e-05,2.83880710385724e-05,2.0,,,
2024-09-19,157450,TIGER 단기통안채,107203,10626,0.0006527537112361,단기자금,0.3332662092082804,0.5160315535766319,6.0,,,
2024-09-19,423160,KODEX KOFR금리액티브(합성),106251,32874,0.0006586004039128,단기자금,0.3332662092082804,0.5160315535766319,6.0,,,
2024-09-19,459580,KODEX CD금리액티브(합성),1030273,584244,0.0007626137255858,단기자금,0.3332662092082804,0.5160315535766319,6.0,,,
2024-09-20,157450,TIGER 단기통안채,107213,3431,0.000736579600213,단기자금,-0.0005558174192022,0.0012407930848318,6.0,,,
2024-09-20,423160,KODEX KOFR금리액티브(합성),106266,35490,0.0007995598143928,단기자금,-0.0005558174192022,0.0012407930848318,6.0,,,
2024-09-20,459580,KODEX CD금리액티브(합성),1030485,417868,0.0007527600748531,단기자금,-0.0005558174192022,0.0012407930848318,6.0,,,
2024-09-23,157450,TIGER 단기통안채,107218,6282,0.0007831438028453,단기자금,0.3330569779864163,0.5769024977407379,3.0,,,
2024-09-23,423160,KODEX KOFR금리액티브(합성),106291,30428,0.0007993718303858,단기자금,0.3330569779864163,0.5769024977407379,3.0,,,
2024-09-23,459580,KODEX CD금리액티브(합성),1030554,493162,0.0008913559917953,단기자금,0.3330569779864163,0.5769024977407379,3.0,,,
2024-09-24,157450,TIGER 단기통안채,107228,7307,0.000922840362854,단기자금,0.0001908159330404,0.0032757650323897,7.0,,,
2024-09-24,423160,KODEX KOFR금리액티브(합성),106301,42794,0.0009308842661681,단기자금,0.0001908159330404,0.0032757650323897,7.0,,,
2024-09-24,459580,KODEX CD금리액티브(합성),1030641,425911,0.0011122808283374,단기자금,0.0001908159330404,0.0032757650323897,7.0,,,
2024-09-25,157450,TIGER 단기통안채,107248,16377,0.0008760893425812,단기자금,0.4957092083059251,0.7128296943043219,2.0,,,
2024-09-25,423160,KODEX KOFR금리액티브(합성),106311,28737,0.0010529582516021,단기자금,0.4957092083059251,0.7128296943043219,2.0,,,
2024-09-25,459580,KODEX CD금리액티브(합성),1030745,358508,0.0011150759406959,단기자금,0.4957092083059251,0.7128296943043219,2.0,,,
2024-09-26,157450,TIGER 단기통안채,107273,4678,0.0006430119271936,단기자금,-0.006988465510949,0.4712097352569362,10.0,,,
2024-09-26,423160,KODEX KOFR금리액티브(합성),106321,44067,0.0010998360755021,단기자금,-0.006988465510949,0.4712097352569362,10.0,,,
2024-09-26,459580,KODEX CD금리액티브(합성),1031059,603605,0.0010091321980922,단기자금,-0.006988465510949,0.4712097352569362,10.0,,,
2024-09-27,157450,TIGER 단기통안채,107292,8225,0.0006056399236591,단기자금,-0.0005533747153094,0.0015865524422652,4.0,,,
2024-09-27,423160,KODEX KOFR금리액티브(합성),106351,41743,0.0009586286706202,단기자금,-0.0005533747153094,0.0015865524422652,4.0,,,
2024-09-27,459580,KODEX CD금리액티브(합성),1031261,578588,0.0009101214559574,단기자금,-0.0005533747153094,0.0015865524422652,4.0,,,
2024-09-30,157450,TIGER 단기통안채,107302,5538,0.0007825309685358,단기자금,-0.011285950427139,0.5398367525078349,14.0,,,
2024-09-30,423160,KODEX KOFR금리액티브(합성),106376,43593,0.0008644829615072,단기자금,-0.011285950427139,0.5398367525078349,14.0,,,
2024-09-30,459580,KODEX CD금리액티브(합성),1031473,307815,0.0010029162930802,단기자금,-0.011285950427139,0.5398367525078349,14.0,,,
2024-10-02,157450,TIGER 단기통안채,107327,3371,0.0004191915254274,단기자금,0.0490162718177254,0.4844996996511068,11.0,-0.1843861751258373,0.6142502209273485,8.0
2024-10-02,423160,KODEX KOFR금리액티브(합성),106400,33114,0.0009206287228789,단기자금,0.0490162718177254,0.4844996996511068,11.0,-0.1843861751258373,0.6142502209273485,8.0
2024-10-02,459580,KODEX CD금리액티브(합성),1031788,346057,0.000803137024528,단기자금,0.0490162718177254,0.4844996996511068,11.0,-0.1843861751258373,0.6142502209273485,8.0
2024-10-04,157450,TIGER 단기통안채,107342,7389,0.0005960474779254,단기자금,-0.0035280082865938,0.0091398289843008,6.0,-0.0808717466890811,0.6464412880411569,10.0
2024-10-04,423160,KODEX KOFR금리액티브(합성),106423,36317,0.0008453244670629,단기자금,-0.0035280082865938,0.0091398289843008,6.0,-0.0808717466890811,0.6464412880411569,10.0
2024-10-04,459580,KODEX CD금리액티브(합성),1031895,383151,0.0007798139981876,단기자금,-0.0035280082865938,0.0091398289843008,6.0,-0.0808717466890811,0.6464412880411569,10.0
2024-10-07,157450,TIGER 단기통안채,107342,9603,0.0005960474779254,단기자금,0.0589067113584914,0.5498130706777948,17.0,-0.131821871548891,0.5190478347893858,10.0
2024-10-07,423160,KODEX KOFR금리액티브(합성),106438,60908,0.0007513289483593,단기자금,0.0589067113584914,0.5498130706777948,17.0,-0.131821871548891,0.5190478347893858,10.0
2024-10-07,459580,KODEX CD금리액티브(합성),1032100,209444,0.0006528243601646,단기자금,0.0589067113584914,0.5498130706777948,17.0,-0.131821871548891,0.5190478347893858,10.0
2024-10-08,157450,TIGER 단기통안채,107357,7106,0.0005959642225406,단기자금,0.1628314028406142,0.6778837902835566,12.0,-0.150823968462646,0.4852051304826519,8.0
2024-10-08,423160,KODEX KOFR금리액티브(합성),106453,22779,0.0006573510867013,단기자금,0.1628314028406142,0.6778837902835566,12.0,-0.150823968462646,0.4852051304826519,8.0
2024-10-08,459580,KODEX CD금리액티브(합성),1032200,182184,0.0006372702580446,단기자금,0.1628314028406142,0.6778837902835566,12.0,-0.150823968462646,0.4852051304826519,8.0
2024-10-10,157450,TIGER 단기통안채,107386,3692,0.0006051099390074,단기자금,0.0827538230526746,0.4734478901678097,9.0,-0.000522155004243,0.4878517673460483,12.0
2024-10-10,423160,KODEX KOFR금리액티브(합성),106468,43695,0.0006103257920635,단기자금,0.0827538230526746,0.4734478901678097,9.0,-0.000522155004243,0.4878517673460483,12.0
2024-10-10,459580,KODEX CD금리액티브(합성),1032508,251776,0.000605139052789,단기자금,0.0827538230526746,0.4734478901678097,9.0,-0.000522155004243,0.4878517673460483,12.0
2024-10-11,157450,TIGER 단기통안채,107372,4252,0.0007820210054649,단기자금,0.0669313873537855,0.2377878414461332,12.0,-0.1862833111236493,0.6153138531035929,15.0
2024-10-11,423160,KODEX KOFR금리액티브(합성),106498,34793,0.0005913855020072,단기자금,0.0669313873537855,0.2377878414461332,12.0,-0.1862833111236493,0.6153138531035929,15.0
2024-10-11,459580,KODEX CD금리액티브(합성),1032617,235870,0.0005702327991894,단기자금,0.0669313873537855,0.2377878414461332,12.0,-0.1862833111236493,0.6153138531035929,15.0
2024-10-14,157450,TIGER 단기통안채,107406,5470,0.0003723493424523,단기자금,-0.0955867594869535,0.4246383115941755,18.0,-0.0144922271370887,0.4946057345732343,5.0
2024-10-14,423160,KODEX KOFR금리액티브(합성),106513,56302,0.000591302243059,단기자금,-0.0955867594869535,0.4246383115941755,18.0,-0.0144922271370887,0.4946057345732343,5.0
2024-10-14,459580,KODEX CD금리액티브(합성),1032700,337918,0.00056244468397,단기자금,-0.0955867594869535,0.4246383115941755,18.0,-0.0144922271370887,0.4946057345732343,5.0
2024-10-15,157450,TIGER 단기통안채,107406,14228,0.0005119446094674,단기자금,0.0157275199836637,0.5109097208229357,17.0,0.0694572538137436,0.3495041289252369,10.0
2024-10-15,423160,KODEX KOFR금리액티브(합성),106518,31247,0.0005912744952851,단기자금,0.0157275199836637,0.5109097208229357,17.0,0.0694572538137436,0.3495041289252369,10.0
2024-10-15,459580,KODEX CD금리액티브(합성),1032774,303377,0.0005759524064394,단기자금,0.0157275199836637,0.5109097208229357,17.0,0.0694572538137436,0.3495041289252369,10.0
2024-10-16,157450,TIGER 단기통안채,107421,18738,0.0004188247837948,단기자금,0.0454550212210354,0.6963876610179934,9.0,-0.1239802956581115,0.4147566551506292,5.0
2024-10-16,423160,KODEX KOFR금리액티브(합성),106523,24085,0.0006381561259019,단기자금,0.0454550212210354,0.6963876610179934,9.0,-0.1239802956581115,0.4147566551506292,5.0
2024-10-16,459580,KODEX CD금리액티브(합성),1032858,319147,0.0005836465880797,단기자금,0.0454550212210354,0.6963876610179934,9.0,-0.1239802956581115,0.4147566551506292,5.0
2024-10-17,157450,TIGER 단기통안채,107451,4277,0.0005024284145225,단기자금,0.0661900709640273,0.4558413412634705,15.0,-0.3876223750412464,0.632949633129088,8.0
2024-10-17,423160,KODEX KOFR금리액티브(합성),106533,30877,0.0005911912675884,단기자금,0.0661900709640273,0.4558413412634705,15.0,-0.3876223750412464,0.632949633129088,8.0
2024-10-17,459580,KODEX CD금리액티브(합성),1033133,202978,0.0005854260060544,단기자금,0.0661900709640273,0.4558413412634705,15.0,-0.3876223750412464,0.632949633129088,8.0
2024-10-18,157450,TIGER 단기통안채,107456,33263,0.0005954153197631,단기자금,-0.0026859673986715,0.3443332926506939,18.0,-0.0823310231789946,0.364060031720886,12.0
2024-10-18,423160,KODEX KOFR금리액티브(합성),106561,30028,0.0006097932989739,단기자금,-0.0026859673986715,0.3443332926506939,18.0,-0.0823310231789946,0.364060031720886,12.0
2024-10-18,459580,KODEX CD금리액티브(합성),1033206,335336,0.0006085994611755,단기자금,-0.0026859673986715,0.3443332926506939,18.0,-0.0823310231789946,0.364060031720886,12.0
2024-10-21,157450,TIGER 단기통안채,107446,5929,0.0006884809962777,단기자금,0.1042334830617619,0.3125106715088663,10.0,-0.1594707789746197,0.3589253134110055,11.0
2024-10-21,423160,KODEX KOFR금리액티브(합성),106576,28338,0.0006565926828834,단기자금,0.1042334830617619,0.3125106715088663,10.0,-0.1594707789746197,0.3589253134110055,11.0
2024-10-21,459580,KODEX CD금리액티브(합성),1033281,206715,0.0006346694175647,단기자금,0.1042334830617619,0.3125106715088663,10.0,-0.1594707789746197,0.3589253134110055,11.0
2024-10-22,157450,TIGER 단기통안채,107461,17535,0.0006418873568581,단기자금,0.219668941995598,0.640866848482661,17.0,-0.1834574391444524,0.6144866150559886,9.0
2024-10-22,423160,KODEX KOFR금리액티브(합성),106581,59270,0.0005627937228211,단기자금,0.219668941995598,0.640866848482661,17.0,-0.1834574391444524,0.6144866150559886,9.0
2024-10-22,459580,KODEX CD금리액티브(합성),1033369,339912,0.0006404179381114,단기자금,0.219668941995598,0.640866848482661,17.0,-0.1834574391444524,0.6144866150559886,9.0
2024-10-23,157450,TIGER 단기통안채,107466,5161,0.0006883529103554,단기자금,0.0032527690774049,0.0139060543487745,13.0,-0.1538458972104958,0.325870063409246,7.0
2024-10-23,423160,KODEX KOFR금리액티브(합성),106591,23236,0.0005533645171933,단기자금,0.0032527690774049,0.0139060543487745,13.0,-0.1538458972104958,0.325870063409246,7.0
2024-10-23,459580,KODEX CD금리액티브(합성),1033461,331694,0.0006422949495945,단기자금,0.0032527690774049,0.0139060543487745,13.0,-0.1538458972104958,0.325870063409246,7.0
2024-10-24,157450,TIGER 단기통안채,107505,13422,0.000557957888656,단기자금,0.1268083290376833,0.6598135241432685,18.0,-0.0829934798594978,0.1995572817533947,9.0
2024-10-24,423160,KODEX KOFR금리액티브(합성),106596,34499,0.000647094428027,단기자금,0.1268083290376833,0.6598135241432685,18.0,-0.0829934798594978,0.1995572817533947,9.0
2024-10-24,459580,KODEX CD금리액티브(합성),1033738,252124,0.0006546904645645,단기자금,0.1268083290376833,0.6598135241432685,18.0,-0.0829934798594978,0.1995572817533947,9.0
2024-10-25,157450,TIGER 단기통안채,107520,10281,0.000511401949824,단기자금,0.0866184300427145,0.5922355405824755,12.0,-0.0115994629450142,0.3456807525610703,12.0
2024-10-25,423160,KODEX KOFR금리액티브(합성),106626,34726,0.0006375398678351,단기자금,0.0866184300427145,0.5922355405824755,12.0,-0.0115994629450142,0.3456807525610703,12.0
2024-10-25,459580,KODEX CD금리액티브(합성),1033835,253865,0.0006497958496662,단기자금,0.0866184300427145,0.5922355405824755,12.0,-0.0115994629450142,0.3456807525610703,12.0
2024-10-28,157450,TIGER 단기통안채,107520,8456,0.0005578800702572,단기자금,-0.1456263971548261,0.3767889386111683,7.0,-0.134445832325862,0.3492225779128198,13.0
2024-10-28,423160,KODEX KOFR금리액티브(합성),106646,38373,0.0005437075362433,단기자금,-0.1456263971548261,0.3767889386111683,7.0,-0.134445832325862,0.3492225779128198,13.0
2024-10-28,459580,KODEX CD금리액티브(합성),1033937,316939,0.0006477986674973,단기자금,-0.1456263971548261,0.3767889386111683,7.0,-0.134445832325862,0.3492225779128198,13.0
2024-10-29,157450,TIGER 단기통안채,107530,12814,0.0005950056887016,단기자금,0.107412041625821,0.576929717904043,16.0,-0.0022269397974014,0.4611202864196951,15.0
2024-10-29,423160,KODEX KOFR금리액티브(합성),106641,19903,0.0006749346413297,단기자금,0.107412041625821,0.576929717904043,16.0,-0.0022269397974014,0.4611202864196951,15.0
2024-10-29,459580,KODEX CD금리액티브(합성),1034031,298053,0.0006429074719918,단기자금,0.107412041625821,0.576929717904043,16.0,-0.0022269397974014,0.4611202864196951,15.0
2024-10-30,157450,TIGER 단기통안채,107540,10303,0.0005020127096049,단기자금,-0.0879166893018092,0.3025887966905055,11.0,0.0582588125641147,0.2876287571810727,12.0
2024-10-30,423160,KODEX KOFR금리액티브(합성),106650,27347,0.0006842477993771,단기자금,-0.0879166893018092,0.3025887966905055,11.0,0.0582588125641147,0.2876287571810727,12.0
2024-10-30,459580,KODEX CD금리액티브(합성),1034125,416841,0.0006544455402863,단기자금,-0.0879166893018092,0.3025887966905055,11.0,0.0582588125641147,0.2876287571810727,12.0
2024-10-31,157450,TIGER 단기통안채,107565,15399,0.0005483551805927,단기자금,0.088083871941225,0.289968386847153,11.0,-0.1548582306679557,0.3355318200440634,17.0
2024-10-31,423160,KODEX KOFR금리액티브(합성),106665,29348,0.000637306837941,단기자금,0.088083871941225,0.289968386847153,11.0,-0.1548582306679557,0.3355318200440634,17.0
2024-10-31,459580,KODEX CD금리액티브(합성),1034415,271109,0.0006513638280782,단기자금,0.088083871941225,0.289968386847153,11.0,-0.1548582306679557,0.3355318200440634,17.0
2024-11-01,157450,TIGER 단기통안채,107575,14604,0.0005483042203451,단기자금,0.1424944093939432,0.3777366786227829,7.0,-0.1325022267068133,0.41288955712076,17.0
2024-11-01,423160,KODEX KOFR금리액티브(합성),106694,28871,0.0006465002544135,단기자금,0.1424944093939432,0.3777366786227829,7.0,-0.1325022267068133,0.41288955712076,17.0
2024-11-01,459580,KODEX CD금리액티브(합성),1034507,278815,0.0006609660200691,단기자금,0.1424944093939432,0.3777366786227829,7.0,-0.1325022267068133,0.41288955712076,17.0
2024-11-04,157450,TIGER 단기통안채,107580,21434,0.0006411775584513,단기자금,-0.0012281229657673,0.0035007898241452,10.0,-0.3602505661547184,0.4055451262046611,7.0
2024-11-04,423160,KODEX KOFR금리액티브(합성),106704,41711,0.0006464396858003,단기자금,-0.0012281229657673,0.0035007898241452,10.0,-0.3602505661547184,0.4055451262046611,7.0
2024-11-04,459580,KODEX CD금리액티브(합성),1034607,210154,0.0006348221913974,단기자금,-0.0012281229657673,0.0035007898241452,10.0,-0.3602505661547184,0.4055451262046611,7.0
2024-11-05,157450,TIGER 단기통안채,107594,20000,0.0005110503124114,단기자금,-0.0650626146484379,0.6731735092854387,15.0,-0.1065723157953471,0.5533513557471618,8.0
2024-11-05,423160,KODEX KOFR금리액티브(합성),106713,22962,0.0006557500141308,단기자금,-0.0650626146484379,0.6731735092854387,15.0,-0.1065723157953471,0.5533513557471618,8.0
2024-11-05,459580,KODEX CD금리액티브(합성),1034696,207215,0.0006395968632393,단기자금,-0.0650626146484379,0.6731735092854387,15.0,-0.1065723157953471,0.5533513557471618,8.0
2024-11-06,157450,TIGER 단기통안채,107594,14238,0.0005110503124114,단기자금,-0.0692177059659115,0.2111259688999132,8.0,-0.046840320341289,0.2387928246091641,12.0
2024-11-06,423160,KODEX KOFR금리액티브(합성),106723,33516,0.0006556885901556,단기자금,-0.0692177059659115,0.2111259688999132,8.0,-0.046840320341289,0.2387928246091641,12.0
2024-11-06,459580,KODEX CD금리액티브(합성),1034802,211871,0.0006366341109877,단기자금,-0.0692177059659115,0.2111259688999132,8.0,-0.046840320341289,0.2387928246091641,12.0
2024-11-07,157450,TIGER 단기통안채,107624,5346,0.0005016209894233,단기자금,0.1073547155608442,0.3679280573432733,15.0,-0.0918290591488281,0.3793452129973269,15.0
2024-11-07,423160,KODEX KOFR금리액티브(합성),106733,49625,0.0006556271776894,단기자금,0.1073547155608442,0.3679280573432733,15.0,-0.0918290591488281,0.3793452129973269,15.0
2024-11-07,459580,KODEX CD금리액티브(합성),1035089,284531,0.0006345266735809,단기자금,0.1073547155608442,0.3679280573432733,15.0,-0.0918290591488281,0.3793452129973269,15.0
2024-11-08,157450,TIGER 단기통안채,107634,16652,0.0005015743967842,단기자금,-0.0493915819747866,0.4034801136659524,17.0,-0.0367979679543238,0.4584921913746174,13.0
2024-11-08,423160,KODEX KOFR금리액티브(합성),106763,132273,0.0006554430092897,단기자금,-0.0493915819747866,0.4034801136659524,17.0,-0.0367979679543238,0.4584921913746174,13.0
2024-11-08,459580,KODEX CD금리액티브(합성),1035191,294477,0.0006267410012164,단기자금,-0.0493915819747866,0.4034801136659524,17.0,-0.0367979679543238,0.4584921913746174,13.0
2024-11-11,157450,TIGER 단기통안채,107649,37065,0.0003157914316727,단기자금,0.3003193721328898,0.6129386994111103,8.0,-0.0979192682674953,0.4060164611095559,7.0
2024-11-11,423160,KODEX KOFR금리액티브(합성),106773,46293,0.0007021781854934,단기자금,0.3003193721328898,0.6129386994111103,8.0,-0.0979192682674953,0.4060164611095559,7.0
2024-11-11,459580,KODEX CD금리액티브(합성),1035264,290620,0.0006508298309775,단기자금,0.3003193721328898,0.6129386994111103,8.0,-0.0979192682674953,0.4060164611095559,7.0
2024-11-12,157450,TIGER 단기통안채,107649,25492,0.000455079484233,단기자금,0.1976136221819615,0.560660330441378,15.0,0.029004642739892,0.4228240947761412,10.0
2024-11-12,423160,KODEX KOFR금리액티브(합성),106783,31814,0.000608525934961,단기자금,0.1976136221819615,0.560660330441378,15.0,0.029004642739892,0.4228240947761412,10.0
2024-11-12,459580,KODEX CD금리액티브(합성),1035358,194745,0.0006594577140877,단기자금,0.1976136221819615,0.560660330441378,15.0,0.029004642739892,0.4228240947761412,10.0
2024-11-13,157450,TIGER 단기통안채,107649,13681,0.0005943481383337,단기자금,0.0207966922086294,0.506825152959861,12.0,-0.1701210157738791,0.4541874113949243,9.0
2024-11-13,423160,KODEX KOFR금리액티브(합성),106793,357759,0.0005523181118203,단기자금,0.0207966922086294,0.506825152959861,12.0,-0.1701210157738791,0.4541874113949243,9.0
2024-11-13,459580,KODEX CD금리액티브(합성),1035461,190704,0.0006400896150893,단기자금,0.0207966922086294,0.506825152959861,12.0,-0.1701210157738791,0.4541874113949243,9.0
2024-11-14,157450,TIGER 단기통안채,107678,23216,0.0006034695036465,단기자금,0.2317338927857943,0.404956635316814,18.0,-0.105109134895934,0.367292493892121,9.0
2024-11-14,423160,KODEX KOFR금리액티브(합성),106803,45716,0.0005896971654806,단기자금,0.2317338927857943,0.404956635316814,18.0,-0.105109134895934,0.367292493892121,9.0
2024-11-14,459580,KODEX CD금리액티브(합성),1035746,276867,0.0006495621957363,단기자금,0.2317338927857943,0.404956635316814,18.0,-0.105109134895934,0.367292493892121,9.0
2024-11-15,157450,TIGER 단기통안채,107688,17179,0.0006034134818548,단기자금,0.1825721380351751,0.5591786251035598,10.0,-0.174742731731385,0.4073532928014781,8.0
2024-11-15,423160,KODEX KOFR금리액티브(합성),106833,54781,0.0005801766894286,단기자금,0.1825721380351751,0.5591786251035598,10.0,-0.174742731731385,0.4073532928014781,8.0
2024-11-15,459580,KODEX CD금리액티브(합성),1035840,193942,0.0006581861900762,단기자금,0.1825721380351751,0.5591786251035598,10.0,-0.174742731731385,0.4073532928014781,8.0
2024-11-18,157450,TIGER 단기통안채,107683,18302,0.0007426455230241,단기자금,-0.0017065174113668,0.006131650759764,10.0,-0.0089127495884895,0.0613067953828341,10.0
2024-11-18,423160,KODEX KOFR금리액티브(합성),106848,38368,0.0005800952641639,단기자금,-0.0017065174113668,0.006131650759764,10.0,-0.0089127495884895,0.0613067953828341,10.0
2024-11-18,459580,KODEX CD금리액티브(합성),1035938,238882,0.0006388302868405,단기자금,-0.0017065174113668,0.006131650759764,10.0,-0.0089127495884895,0.0613067953828341,10.0
2024-11-19,157450,TIGER 단기통안채,107698,10920,0.0006497545084851,단기자금,0.0800695524515807,0.649624412725019,12.0,-0.1453582197427749,0.4469781080449974,12.0
2024-11-19,423160,KODEX KOFR금리액티브(합성),106848,20294,0.0005800952641639,단기자금,0.0800695524515807,0.649624412725019,12.0,-0.1453582197427749,0.4469781080449974,12.0
2024-11-19,459580,KODEX CD금리액티브(합성),1036041,180880,0.0006310499954675,단기자금,0.0800695524515807,0.649624412725019,12.0,-0.1453582197427749,0.4469781080449974,12.0
2024-11-20,157450,TIGER 단기통안채,107713,54631,0.000593995098443,단기자금,-0.0832393048725255,0.5136473025451154,12.0,-0.1343169914824622,0.2755044510110636,7.0
2024-11-20,423160,KODEX KOFR금리액티브(합성),106852,21410,0.0006829546942608,단기자금,-0.0832393048725255,0.5136473025451154,12.0,-0.1343169914824622,0.2755044510110636,7.0
2024-11-20,459580,KODEX CD금리액티브(합성),1036124,176976,0.0006454672552997,단기자금,-0.0832393048725255,0.5136473025451154,12.0,-0.1343169914824622,0.2755044510110636,7.0
2024-11-21,157450,TIGER 단기통안채,107743,19017,0.000732957609415,단기자금,0.0004067918434093,0.4339541161815012,23.0,-0.2391322577993075,0.3950693874963125,9.0
2024-11-21,423160,KODEX KOFR금리액티브(합성),106866,41996,0.0006454600529988,단기자금,0.0004067918434093,0.4339541161815012,23.0,-0.2391322577993075,0.3950693874963125,9.0
2024-11-21,459580,KODEX CD금리액티브(합성),1036419,178973,0.0006250343827698,단기자금,0.0004067918434093,0.4339541161815012,23.0,-0.2391322577993075,0.3950693874963125,9.0
2024-11-22,157450,TIGER 단기통안채,107753,19534,0.0008719852129512,단기자금,-0.1332401294085475,0.2936238145208395,13.0,-0.0066867624719937,0.4130216338562347,15.0
2024-11-22,423160,KODEX KOFR금리액티브(합성),106895,31447,0.0006078885413156,단기자금,-0.1332401294085475,0.2936238145208395,13.0,-0.0066867624719937,0.4130216338562347,15.0
2024-11-22,459580,KODEX CD금리액티브(합성),1036522,194189,0.0006124381062342,단기자금,-0.1332401294085475,0.2936238145208395,13.0,-0.0066867624719937,0.4130216338562347,15.0
2024-11-25,157450,TIGER 단기통안채,107763,9730,0.000779184678354,단기자금,0.160649569981615,0.5343257730017847,8.0,-0.1073477745056152,0.4372345542288463,10.0
2024-11-25,423160,KODEX KOFR금리액티브(합성),106910,38445,0.0006545420776955,단기자금,0.160649569981615,0.5343257730017847,8.0,-0.1073477745056152,0.4372345542288463,10.0
2024-11-25,459580,KODEX CD금리액티브(합성),1036600,214758,0.0006307098008644,단기자금,0.160649569981615,0.5343257730017847,8.0,-0.1073477745056152,0.4372345542288463,10.0
2024-11-26,157450,TIGER 단기통안채,107768,20510,0.001001650952773,단기자금,-0.2224273297656004,0.4382921322290771,9.0,-0.1034950869424002,0.5248990095272222,14.0
2024-11-26,423160,KODEX KOFR금리액티브(합성),106910,149008,0.0006078032774734,단기자금,-0.2224273297656004,0.4382921322290771,9.0,-0.1034950869424002,0.5248990095272222,14.0
2024-11-26,459580,KODEX CD금리액티브(합성),1036695,214599,0.0006229400269717,단기자금,-0.2224273297656004,0.4382921322290771,9.0,-0.1034950869424002,0.5248990095272222,14.0
2024-11-27,157450,TIGER 단기통안채,107777,41004,0.0009181417087145,단기자금,-0.0998624285336215,0.6161496518301658,12.0,-0.1105505842715501,0.4463534530905529,10.0
2024-11-27,423160,KODEX KOFR금리액티브(합성),106925,14690,0.0005983713259496,단기자금,-0.0998624285336215,0.6161496518301658,12.0,-0.1105505842715501,0.4463534530905529,10.0
2024-11-27,459580,KODEX CD금리액티브(합성),1036793,207922,0.00061998942315,단기자금,-0.0998624285336215,0.6161496518301658,12.0,-0.1105505842715501,0.4463534530905529,10.0
2024-11-28,157450,TIGER 단기통안채,107822,9203,0.0007324207760088,단기자금,-0.0578427806727025,0.5391661862654027,15.0,-0.1351692516888891,0.3326764254079494,7.0
2024-11-28,423160,KODEX KOFR금리액티브(합성),106935,29292,0.0005983153861404,단기자금,-0.0578427806727025,0.5391661862654027,15.0,-0.1351692516888891,0.3326764254079494,7.0
2024-11-28,459580,KODEX CD금리액티브(합성),1037067,183822,0.0006256076140651,단기자금,-0.0578427806727025,0.5391661862654027,15.0,-0.1351692516888891,0.3326764254079494,7.0
2024-11-29,157450,TIGER 단기통안채,107847,17872,0.0006395906837806,단기자금,0.1313701595039068,0.3227039338838547,6.0,0.006353379227221,0.049125250071923,4.0
2024-11-29,423160,KODEX KOFR금리액티브(합성),106960,34509,0.0006448929841376,단기자금,0.1313701595039068,0.3227039338838547,6.0,0.006353379227221,0.049125250071923,4.0
2024-11-29,459580,KODEX CD금리액티브(합성),1037157,208448,0.0006274804841144,단기자금,0.1313701595039068,0.3227039338838547,6.0,0.006353379227221,0.049125250071923,4.0
2024-12-02,157450,TIGER 단기통안채,107847,37008,0.000593257277849,단기자금,0.1668886520977442,0.408009837248149,6.0,-0.1401822343468666,0.4900846480796506,9.0
2024-12-02,423160,KODEX KOFR금리액티브(합성),106980,43113,0.0004952970247931,단기자금,0.1668886520977442,0.408009837248149,6.0,-0.1401822343468666,0.4900846480796506,9.0
2024-12-02,459580,KODEX CD금리액티브(합성),1037254,281949,0.000620677445001,단기자금,0.1668886520977442,0.408009837248149,6.0,-0.1401822343468666,0.4900846480796506,9.0
2024-12-03,157450,TIGER 단기통안채,107876,8889,0.0004633877433448,단기자금,0.1626200513218303,0.3697507713680528,17.0,-0.4437998836593969,0.4571370627199957,7.0
2024-12-03,423160,KODEX KOFR금리액티브(합성),106975,22010,0.0006354605901197,단기자금,0.1626200513218303,0.3697507713680528,17.0,-0.4437998836593969,0.4571370627199957,7.0
2024-12-03,459580,KODEX CD금리액티브(합성),1037341,203121,0.0006264058196521,단기자금,0.1626200513218303,0.3697507713680528,17.0,-0.4437998836593969,0.4571370627199957,7.0
2024-12-04,157450,TIGER 단기통안채,107876,30810,0.0005560395302008,단기자금,-0.147907382361609,0.5963775720014164,8.0,0.0992826120211528,0.3844617686255971,13.0
2024-12-04,423160,KODEX KOFR금리액티브(합성),106989,31156,0.0005980134918122,단기자금,-0.147907382361609,0.5963775720014164,8.0,0.0992826120211528,0.3844617686255971,13.0
2024-12-04,459580,KODEX CD금리액티브(합성),1037436,244610,0.0006205685917795,단기자금,-0.147907382361609,0.5963775720014164,8.0,0.0992826120211528,0.3844617686255971,13.0
2024-12-05,157450,TIGER 단기통안채,107901,15051,0.0005559107350556,단기자금,-0.0568530517653016,0.1618254423877267,8.0,-0.0923410071991384,0.4150224656474794,8.0
2024-12-05,423160,KODEX KOFR금리액티브(합성),106999,38140,0.0005979576188845,단기자금,-0.0568530517653016,0.1618254423877267,8.0,-0.0923410071991384,0.4150224656474794,8.0
2024-12-05,459580,KODEX CD금리액티브(합성),1037716,188373,0.0006252164738675,단기자금,-0.0568530517653016,0.1618254423877267,8.0,-0.0923410071991384,0.4150224656474794,8.0
2024-12-06,157450,TIGER 단기통안채,107916,31777,0.0005465721263853,단기자금,0.1078904583236079,0.3228497815098793,9.0,-0.0810840651392936,0.4187307144455884,7.0
2024-12-06,423160,KODEX KOFR금리액티브(합성),107029,34475,0.0005977900627307,단기자금,0.1078904583236079,0.3228497815098793,9.0,-0.0810840651392936,0.4187307144455884,7.0
2024-12-06,459580,KODEX CD금리액티브(합성),1037808,115341,0.0006299758910248,단기자금,0.1078904583236079,0.3228497815098793,9.0,-0.0810840651392936,0.4187307144455884,7.0
2024-12-09,157450,TIGER 단기통안채,107911,10502,0.0005929055323168,단기자금,0.0466108600982503,0.8335909245866616,6.0,-0.4623802407748169,0.4789883059839032,9.0
2024-12-09,423160,KODEX KOFR금리액티브(합성),107033,68275,0.0007004730814426,단기자금,0.0466108600982503,0.8335909245866616,6.0,-0.4623802407748169,0.4789883059839032,9.0
2024-12-09,459580,KODEX CD금리액티브(합성),1037898,222178,0.0006202924434592,단기자금,0.0466108600982503,0.8335909245866616,6.0,-0.4623802407748169,0.4789883059839032,9.0
2024-12-10,157450,TIGER 단기통안채,107926,9272,0.0005465214969913,단기자금,0.0175175649834272,0.4219933439127548,10.0,-0.1394394205084868,0.3117843162379309,7.0
2024-12-10,423160,KODEX KOFR금리액티브(합성),107043,60439,0.000607048316338,단기자금,0.0175175649834272,0.4219933439127548,10.0,-0.1394394205084868,0.3117843162379309,7.0
2024-12-10,459580,KODEX CD금리액티브(합성),1037991,203661,0.0006192740822719,단기자금,0.0175175649834272,0.4219933439127548,10.0,-0.1394394205084868,0.3117843162379309,7.0
2024-12-11,157450,TIGER 단기통안채,107936,3595,0.0004538697101352,단기자금,-0.1013057202475869,0.5752474468336239,9.0,0.1340535078197717,0.2697517534202181,12.0
2024-12-11,423160,KODEX KOFR금리액티브(합성),107053,31240,0.0005509770643428,단기자금,-0.1013057202475869,0.5752474468336239,9.0,0.1340535078197717,0.2697517534202181,12.0
2024-12-11,459580,KODEX CD금리액티브(합성),1038080,212149,0.0006240345963881,단기자금,-0.1013057202475869,0.5752474468336239,9.0,0.1340535078197717,0.2697517534202181,12.0
2024-12-12,157450,TIGER 단기통안채,107961,18987,0.000638915532102,단기자금,0.2132285828020857,0.4019782540011891,11.0,-0.1635392386127602,0.398503707452829,11.0
2024-12-12,423160,KODEX KOFR금리액티브(합성),107063,45508,0.0005976002792351,단기자금,0.2132285828020857,0.4019782540011891,11.0,-0.1635392386127602,0.398503707452829,11.0
2024-12-12,459580,KODEX CD금리액티브(합성),1038365,299209,0.0006363751670317,단기자금,0.2132285828020857,0.4019782540011891,11.0,-0.1635392386127602,0.398503707452829,11.0
2024-12-13,157450,TIGER 단기통안채,107975,5760,0.0005092474821282,단기자금,0.0195013557156646,0.3207592620318124,13.0,-0.1952370930124413,0.4353569287182965,11.0
2024-12-13,423160,KODEX KOFR금리액티브(합성),107093,39176,0.0005881007782129,단기자금,0.0195013557156646,0.3207592620318124,13.0,-0.1952370930124413,0.4353569287182965,11.0
2024-12-13,459580,KODEX CD금리액티브(합성),1038462,220426,0.0006247674773494,단기자금,0.0195013557156646,0.3207592620318124,13.0,-0.1952370930124413,0.4353569287182965,11.0
2024-12-16,157450,TIGER 단기통안채,107975,20070,0.0006480881626718,단기자금,-0.01813983151654,0.3952894633630038,12.0,-0.2025403086509969,0.3147051776143763,9.0
2024-12-16,423160,KODEX KOFR금리액티브(합성),107108,38177,0.0005413629410622,단기자금,-0.01813983151654,0.3952894633630038,12.0,-0.2025403086509969,0.3147051776143763,9.0
2024-12-16,459580,KODEX CD금리액티브(합성),1038542,291301,0.0007132458521894,단기자금,-0.01813983151654,0.3952894633630038,12.0,-0.2025403086509969,0.3147051776143763,9.0
2024-12-17,157450,TIGER 단기통안채,107985,6602,0.0006480281656155,단기자금,0.1004378948978228,0.6469176053382492,8.0,0.0281559747051108,0.3393808125362503,11.0
2024-12-17,423160,KODEX KOFR금리액티브(합성),107108,23702,0.0007279718839043,단기자금,0.1004378948978228,0.6469176053382492,8.0,0.0281559747051108,0.3393808125362503,11.0
2024-12-17,459580,KODEX CD금리액티브(합성),1038634,224686,0.0007141448131005,단기자금,0.1004378948978228,0.6469176053382492,8.0,0.0281559747051108,0.3393808125362503,11.0
2024-12-18,157450,TIGER 단기통안채,107985,10451,0.0008238490878316,단기자금,0.2789107480150253,0.6698796753686281,9.0,-0.2745301181760927,0.3577094192794528,12.0
2024-12-18,423160,KODEX KOFR금리액티브(합성),107112,23432,0.0007839185126243,단기자금,0.2789107480150253,0.6698796753686281,9.0,-0.2745301181760927,0.3577094192794528,12.0
2024-12-18,459580,KODEX CD금리액티브(합성),1038728,377969,0.0008939634012659,단기자금,0.2789107480150253,0.6698796753686281,9.0,-0.2745301181760927,0.3577094192794528,12.0
2024-12-19,157450,TIGER 단기통안채,108030,12948,0.0006385075796799,단기자금,0.0106644529529479,0.4338636994251309,22.0,-0.2509836457902565,0.3890376902380175,16.0
2024-12-19,423160,KODEX KOFR금리액티브(합성),107127,55543,0.0008677518774291,단기자금,0.0106644529529479,0.4338636994251309,22.0,-0.2509836457902565,0.3890376902380175,16.0
2024-12-19,459580,KODEX CD금리액티브(합성),1039026,304441,0.0008744753344824,단기자금,0.0106644529529479,0.4338636994251309,22.0,-0.2509836457902565,0.3890376902380175,16.0
2024-12-20,157450,TIGER 단기통안채,108030,22962,0.0005922526130444,단기자금,-0.3304484174659592,0.4976556070605171,8.0,-0.0292290909072527,0.2610435661322232,13.0
2024-12-20,423160,KODEX KOFR금리액티브(합성),107156,34730,0.0009234601492966,단기자금,-0.3304484174659592,0.4976556070605171,8.0,-0.0292290909072527,0.2610435661322232,13.0
2024-12-20,459580,KODEX CD금리액티브(합성),1039111,227834,0.0008695962216496,단기자금,-0.3304484174659592,0.4976556070605171,8.0,-0.0292290909072527,0.2610435661322232,13.0
2024-12-23,157450,TIGER 단기통안채,108045,111601,0.0007771517779904,단기자금,0.0416893304889526,0.3828105354780501,10.0,0.0700379395857453,0.7518359082283489,4.0
2024-12-23,423160,KODEX KOFR금리액티브(합성),107166,36736,0.0009233740180683,단기자금,0.0416893304889526,0.3828105354780501,10.0,0.0700379395857453,0.7518359082283489,4.0
2024-12-23,459580,KODEX CD금리액티브(합성),1039283,278935,0.000977119518092,단기자금,0.0416893304889526,0.3828105354780501,10.0,0.0700379395857453,0.7518359082283489,4.0
2024-12-24,157450,TIGER 단기통안채,108055,10350,0.000684602032436,단기자금,-0.0489753937138067,0.1737118846554981,21.0,-0.1377259244521459,0.1417216861178458,3.0
2024-12-24,423160,KODEX KOFR금리액티브(합성),107186,27361,0.0009604849788402,단기자금,-0.0489753937138067,0.1737118846554981,21.0,-0.1377259244521459,0.1417216861178458,3.0
2024-12-24,459580,KODEX CD금리액티브(합성),1039376,215200,0.0009818380006088,단기자금,-0.0489753937138067,0.1737118846554981,21.0,-0.1377259244521459,0.1417216861178458,3.0
2024-12-26,157450,TIGER 단기통안채,108074,18822,0.000832416182142,단기자금,0.2018164530377362,0.4233871418697264,8.0,-0.1754035264253616,0.2486000686318065,5.0
2024-12-26,423160,KODEX KOFR금리액티브(합성),107196,47465,0.0009603954210302,단기자금,0.2018164530377362,0.4233871418697264,8.0,-0.1754035264253616,0.2486000686318065,5.0
2024-12-26,459580,KODEX CD금리액티브(합성),1039657,279388,0.0007836052876566,단기자금,0.2018164530377362,0.4233871418697264,8.0,-0.1754035264253616,0.2486000686318065,5.0
2024-12-27,157450,TIGER 단기통안채,108099,14823,0.0007305446581327,단기자금,-0.0074726295861182,0.0183121601413498,6.0,-0.0478262640535831,0.2580474906343774,8.0
2024-12-27,423160,KODEX KOFR금리액티브(합성),107220,43565,0.0007831292003981,단기자금,-0.0074726295861182,0.0183121601413498,6.0,-0.0478262640535831,0.2580474906343774,8.0
2024-12-27,459580,KODEX CD금리액티브(합성),1039935,218678,0.0006017795938006,단기자금,-0.0074726295861182,0.0183121601413498,6.0,-0.0478262640535831,0.2580474906343774,8.0
2024-12-30,157450,TIGER 단기통안채,108094,18456,0.0008692355898194,단기자금,0.1705989033160019,0.4501099097324408,9.0,0.0914051545162995,0.1012711857876228,3.0
2024-12-30,423160,KODEX KOFR금리액티브(합성),107255,51669,0.0005033463315395,단기자금,0.1705989033160019,0.4501099097324408,9.0,0.0914051545162995,0.1012711857876228,3.0
2024-12-30,459580,KODEX CD금리액티브(합성),1040015,248342,0.0006103817959317,단기자금,0.1705989033160019,0.4501099097324408,9.0,0.0914051545162995,0.1012711857876228,3.0
2025-01-02,157450,TIGER 단기통안채,108129,16341,0.0007303420451574,단기자금,0.1199142469808975,0.3174315367756929,8.0,-0.3306598924100399,0.4633275191148994,6.0
2025-01-02,423160,KODEX KOFR금리액티브(합성),107265,59368,0.0005032994178488,단기자금,0.1199142469808975,0.3174315367756929,8.0,-0.3306598924100399,0.4633275191148994,6.0
2025-01-02,459580,KODEX CD금리액티브(합성),1040299,251954,0.0006092545373235,단기자금,0.1199142469808975,0.3174315367756929,8.0,-0.3306598924100399,0.4633275191148994,6.0
2025-01-03,157450,TIGER 단기통안채,108129,16514,0.0007765482820829,단기자금,-0.6573498401703546,0.5693373483688784,3.0,-0.2808806113898754,0.5911812223199815,6.0
2025-01-03,423160,KODEX KOFR금리액티브(합성),107289,40240,0.000540449891087,단기자금,-0.6573498401703546,0.5693373483688784,3.0,-0.2808806113898754,0.5911812223199815,6.0
2025-01-03,459580,KODEX CD금리액티브(합성),1040397,326928,0.0006063154034663,단기자금,-0.6573498401703546,0.5693373483688784,3.0,-0.2808806113898754,0.5911812223199815,6.0
2025-01-06,157450,TIGER 단기통안채,108164,9366,0.0005453192794568,단기자금,0.0004939452992402,0.0006452644949401,2.0,-0.1227797055616974,0.625537373247104,4.0
2025-01-06,423160,KODEX KOFR금리액티브(합성),107299,41954,0.0005869720331954,단기자금,0.0004939452992402,0.0006452644949401,2.0,-0.1227797055616974,0.625537373247104,4.0
2025-01-06,459580,KODEX CD금리액티브(합성),1040472,425612,0.0005995480509799,단기자금,0.0004939452992402,0.0006452644949401,2.0,-0.1227797055616974,0.625537373247104,4.0
2025-01-07,157450,TIGER 단기통안채,108178,25211,0.000508292103305,단기자금,-0.3344675515661947,0.4671680023361784,5.0,-0.0260074039300282,0.4392710782229924,6.0
2025-01-07,423160,KODEX KOFR금리액티브(합성),107304,32554,0.0005869446903279,단기자금,-0.3344675515661947,0.4671680023361784,5.0,-0.0260074039300282,0.4392710782229924,6.0
2025-01-07,459580,KODEX CD금리액티브(합성),1040561,479279,0.000599496786533,단기자금,-0.3344675515661947,0.4671680023361784,5.0,-0.0260074039300282,0.4392710782229924,6.0
2025-01-08,157450,TIGER 단기통안채,108188,32301,0.0005082451329414,단기자금,-0.200043505791109,0.4200061355635773,10.0,-0.2893055453896522,0.4016290835202945,11.0
2025-01-08,423160,KODEX KOFR금리액티브(합성),107309,36412,0.000540349190512,단기자금,-0.200043505791109,0.4200061355635773,10.0,-0.2893055453896522,0.4016290835202945,11.0
2025-01-08,459580,KODEX CD금리액티브(합성),1040650,418882,0.0005821588651109,단기자금,-0.200043505791109,0.4200061355635773,10.0,-0.2893055453896522,0.4016290835202945,11.0
2025-01-09,157450,TIGER 단기통안채,108208,14191,0.0005081512182556,단기자금,-4.787991565535776e-05,0.0007211621856033,4.0,0.1903845768954072,0.4929783274079539,7.0
2025-01-09,423160,KODEX KOFR금리액티브(합성),107319,38025,0.0005868626770073,단기자금,-4.787991565535776e-05,0.0007211621856033,4.0,0.1903845768954072,0.4929783274079539,7.0
2025-01-09,459580,KODEX CD금리액티브(합성),1040933,374794,0.0005675987699795,단기자금,-4.787991565535776e-05,0.0007211621856033,4.0,0.1903845768954072,0.4929783274079539,7.0
2025-01-10,157450,TIGER 단기통안채,108213,14644,0.0005912513452308,단기자금,0.0500162259868375,0.0999201462420311,4.0,-0.2167563296388834,0.4629783688332127,16.0
2025-01-10,423160,KODEX KOFR금리액티브(합성),107347,46803,0.0006518783639624,단기자금,0.0500162259868375,0.0999201462420311,4.0,-0.2167563296388834,0.4629783688332127,16.0
2025-01-10,459580,KODEX CD금리액티브(합성),1041028,281126,0.0005617867077294,단기자금,0.0500162259868375,0.0999201462420311,4.0,-0.2167563296388834,0.4629783688332127,16.0
2025-01-13,157450,TIGER 단기통안채,108223,7413,0.0006835396534388,단기자금,0.0612295304933165,0.52468517971321,6.0,-0.0663950933764378,0.2439002104890954,6.0
2025-01-13,423160,KODEX KOFR금리액티브(합성),107362,26614,0.0005587008488596,단기자금,0.0612295304933165,0.52468517971321,6.0,-0.0663950933764378,0.2439002104890954,6.0
2025-01-13,459580,KODEX CD금리액티브(합성),1041096,400907,0.0005598300490703,단기자금,0.0612295304933165,0.52468517971321,6.0,-0.0663950933764378,0.2439002104890954,6.0
2025-01-14,157450,TIGER 단기통안채,108233,5797,0.0005449717257608,단기자금,0.1301529018674045,0.4157505780624374,14.0,-0.2562238654265037,0.387227420979734,13.0
2025-01-14,423160,KODEX KOFR금리액티브(합성),107367,34980,0.0005586748378494,단기자금,0.1301529018674045,0.4157505780624374,14.0,-0.2562238654265037,0.387227420979734,13.0
2025-01-14,459580,KODEX CD금리액티브(합성),1041185,280854,0.0005540227521478,단기자금,0.1301529018674045,0.4157505780624374,14.0,-0.2562238654265037,0.387227420979734,13.0
2025-01-15,157450,TIGER 단기통안채,108243,5039,0.0005449213924126,단기자금,0.5154094136087224,0.5076003706931556,8.0,0.0926175351169976,0.1815739965497735,11.0
2025-01-15,423160,KODEX KOFR금리액티브(합성),107367,47302,0.0006052169887578,단기자금,0.5154094136087224,0.5076003706931556,8.0,0.0926175351169976,0.1815739965497735,11.0
2025-01-15,459580,KODEX CD금리액티브(합성),1041256,419335,0.0005770210417548,단기자금,0.5154094136087224,0.5076003706931556,8.0,0.0926175351169976,0.1815739965497735,11.0
2025-01-16,157450,TIGER 단기통안채,108263,12992,0.0006832871918653,단기자금,-0.0342468335823338,0.5292405411336647,7.0,0.0523837642236189,0.5971824627484628,11.0
2025-01-16,423160,KODEX KOFR금리액티브(합성),107382,45806,0.0005958255152354,단기자금,-0.0342468335823338,0.5292405411336647,7.0,0.0523837642236189,0.5971824627484628,11.0
2025-01-16,459580,KODEX CD금리액티브(합성),1041524,267192,0.0009203424630452,단기자금,-0.0342468335823338,0.5292405411336647,7.0,0.0523837642236189,0.5971824627484628,11.0
2025-01-17,157450,TIGER 단기통안채,108277,9562,0.0007385729261013,단기자금,-0.2221559267648748,0.4034652642165514,6.0,-0.1312017182686499,0.3974378495717627,14.0
2025-01-17,423160,KODEX KOFR금리액티브(합성),107417,34982,0.0009212173747279,단기자금,-0.2221559267648748,0.4034652642165514,6.0,-0.1312017182686499,0.3974378495717627,14.0
2025-01-17,459580,KODEX CD금리액티브(합성),1041613,196166,0.0011005708822526,단기자금,-0.2221559267648748,0.4034652642165514,6.0,-0.1312017182686499,0.3974378495717627,14.0
2025-01-20,157450,TIGER 단기통안채,108297,29470,0.0006830727461117,단기자금,0.2228837142820339,0.4402255293336576,4.0,0.1119161900132894,0.0927034365142266,6.0
2025-01-20,423160,KODEX KOFR금리액티브(합성),107422,67702,0.0012838285898766,단기자금,0.2228837142820339,0.4402255293336576,4.0,0.1119161900132894,0.0927034365142266,6.0
2025-01-20,459580,KODEX CD금리액티브(합성),1041679,253961,0.0011283098522376,단기자금,0.2228837142820339,0.4402255293336576,4.0,0.1119161900132894,0.0927034365142266,6.0
2025-01-21,157450,TIGER 단기통안채,108292,5057,0.0008215144942411,단기자금,-0.2233001205531763,0.3158328584532055,2.0,-0.4878405497542449,0.3413393688639682,7.0
2025-01-21,423160,KODEX KOFR금리액티브(합성),107427,64176,0.0012372842726975,단기자금,-0.2233001205531763,0.3158328584532055,2.0,-0.4878405497542449,0.3413393688639682,7.0
2025-01-21,459580,KODEX CD금리액티브(합성),1041762,385626,0.0011061666796035,단기자금,-0.2233001205531763,0.3158328584532055,2.0,-0.4878405497542449,0.3413393688639682,7.0
2025-01-22,157450,TIGER 단기통안채,108302,5749,0.0009136929981359,단기자금,-0.1228057972130045,0.3546824811806602,8.0,-0.1229000745341181,0.3285396132710027,10.0
2025-01-22,423160,KODEX KOFR금리액티브(합성),107432,74396,0.0012372267237736,단기자금,-0.1228057972130045,0.3546824811806602,8.0,-0.1229000745341181,0.3285396132710027,10.0
2025-01-22,459580,KODEX CD금리액티브(합성),1041857,335732,0.0010705909897623,단기자금,-0.1228057972130045,0.3546824811806602,8.0,-0.1229000745341181,0.3285396132710027,10.0
2025-01-23,157450,TIGER 단기통안채,108337,12047,0.0006828206292581,단기자금,0.4388527244203336,0.7285423545577069,9.0,-0.0405021801590919,0.6786128657466795,10.0
2025-01-23,423160,KODEX KOFR금리액티브(합성),107446,100324,0.0011069202240872,단기자금,0.4388527244203336,0.7285423545577069,9.0,-0.0405021801590919,0.6786128657466795,10.0
2025-01-23,459580,KODEX CD금리액티브(합성),1042483,193524,0.0005523744088069,단기자금,0.4388527244203336,0.7285423545577069,9.0,-0.0405021801590919,0.6786128657466795,10.0
2025-01-24,157450,TIGER 단기통안채,108357,13161,0.0006365813032402,단기자금,0.1999285562465957,0.4471176935372725,5.0,0.2177242516643471,0.3999609440355155,9.0
2025-01-24,423160,KODEX KOFR금리액티브(합성),107516,112966,0.0005486050228018,단기자금,0.1999285562465957,0.4471176935372725,5.0,0.2177242516643471,0.3999609440355155,9.0
2025-01-24,459580,KODEX CD금리액티브(합성),1042760,439016,0.000529224315251,단기자금,0.1999285562465957,0.4471176935372725,5.0,0.2177242516643471,0.3999609440355155,9.0
2025-01-31,157450,TIGER 단기통안채,108371,18703,0.0006457207390031,단기자금,0.2325405189942103,0.433300655465646,5.0,-0.061047031233708,0.271913329385158,15.0
2025-01-31,423160,KODEX KOFR금리액티브(합성),107560,61060,0.0003996969792439,단기자금,0.2325405189942103,0.433300655465646,5.0,-0.061047031233708,0.271913329385158,15.0
2025-01-31,459580,KODEX CD금리액티브(합성),1042855,469831,0.0005272593183409,단기자금,0.2325405189942103,0.433300655465646,5.0,-0.061047031233708,0.271913329385158,15.0
2025-02-03,157450,TIGER 단기통안채,108381,23004,0.0005534493873469,단기자금,-0.0312773233477359,0.5816384809222482,11.0,-0.0573137421160936,0.2329941685815836,8.0
2025-02-03,423160,KODEX KOFR금리액티브(합성),107560,58336,0.0004926268729974,단기자금,-0.0312773233477359,0.5816384809222482,11.0,-0.0573137421160936,0.2329941685815836,8.0
2025-02-03,459580,KODEX CD금리액티브(합성),1042915,426395,0.0005550206262174,단기자금,-0.0312773233477359,0.5816384809222482,11.0,-0.0573137421160936,0.2329941685815836,8.0
2025-02-04,157450,TIGER 단기통안채,108401,10810,0.0005533473041001,단기자금,0.2668563548941165,0.4627357929852916,3.0,-0.3074997524646195,0.44817338212752,11.0
2025-02-04,423160,KODEX KOFR금리액티브(합성),107565,129999,0.0004926039796053,단기자금,0.2668563548941165,0.4627357929852916,3.0,-0.3074997524646195,0.44817338212752,11.0
2025-02-04,459580,KODEX CD금리액티브(합성),1042973,269818,0.0005779878802627,단기자금,0.2668563548941165,0.4627357929852916,3.0,-0.3074997524646195,0.44817338212752,11.0
2025-02-05,157450,TIGER 단기통안채,108411,7249,0.0005440771801623,단기자금,-0.0099230096789792,0.5519772625892266,7.0,-0.3057500259019434,0.2533257923194803,8.0
2025-02-05,423160,KODEX KOFR금리액티브(합성),107565,79108,0.0005855209212182,단기자금,-0.0099230096789792,0.5519772625892266,7.0,-0.3057500259019434,0.2533257923194803,8.0
2025-02-05,459580,KODEX CD금리액티브(합성),1043059,291950,0.0005750657410672,단기자금,-0.0099230096789792,0.5519772625892266,7.0,-0.3057500259019434,0.2533257923194803,8.0
2025-02-06,157450,TIGER 단기통안채,108426,7721,0.0004979115480026,단기자금,0.4944154214657222,0.5428841260577729,6.0,-0.3897665180265903,0.3458027599221737,9.0
2025-02-06,423160,KODEX KOFR금리액티브(합성),107575,98014,0.0005854665080597,단기자금,0.4944154214657222,0.5428841260577729,6.0,-0.3897665180265903,0.3458027599221737,9.0
2025-02-06,459580,KODEX CD금리액티브(합성),1043312,318536,0.0005883373316422,단기자금,0.4944154214657222,0.5428841260577729,6.0,-0.3897665180265903,0.3458027599221737,9.0
2025-02-07,157450,TIGER 단기통안채,108441,71857,0.0005439267031555,단기자금,-0.0045188814817395,0.011069597686045,7.0,-0.2898101689801974,0.3802057330587648,11.0
2025-02-07,423160,KODEX KOFR금리액티브(합성),107603,94631,0.0006038899988869,단기자금,-0.0045188814817395,0.011069597686045,7.0,-0.2898101689801974,0.3802057330587648,11.0
2025-02-07,459580,KODEX CD금리액티브(합성),1043405,180746,0.0005767907980693,단기자금,-0.0045188814817395,0.011069597686045,7.0,-0.2898101689801974,0.3802057330587648,11.0
2025-02-10,157450,TIGER 단기통안채,108441,13392,0.00068216599559,단기자금,-0.4352910109948425,0.5068852329434479,5.0,-0.1520149209536612,0.2861440397041631,8.0
2025-02-10,423160,KODEX KOFR금리액티브(합성),107613,139826,0.000603833899003,단기자금,-0.4352910109948425,0.5068852329434479,5.0,-0.1520149209536612,0.2861440397041631,8.0
2025-02-10,459580,KODEX CD금리액티브(합성),1043494,315493,0.0005815304377581,단기자금,-0.4352910109948425,0.5068852329434479,5.0,-0.1520149209536612,0.2861440397041631,8.0
2025-02-11,157450,TIGER 단기통안채,108461,3829,0.0005898998263109,단기자금,0.140195876625512,0.4627099375574365,12.0,-0.105503025982115,0.5780590760856017,9.0
2025-02-11,423160,KODEX KOFR금리액티브(합성),107618,130080,0.0006038058529664,단기자금,0.140195876625512,0.4627099375574365,12.0,-0.105503025982115,0.5780590760856017,9.0
2025-02-11,459580,KODEX CD금리액티브(합성),1043576,287954,0.0005786116929851,단기자금,0.140195876625512,0.4627099375574365,12.0,-0.105503025982115,0.5780590760856017,9.0
2025-02-12,157450,TIGER 단기통안채,108470,4548,0.0004608507386052,단기자금,0.2504149748088417,0.4451989289995782,9.0,-0.1734102694317698,0.3468220195274293,16.0
2025-02-12,423160,KODEX KOFR금리액티브(합성),107628,123370,0.0005944640710069,단기자금,0.2504149748088417,0.4451989289995782,9.0,-0.1734102694317698,0.3468220195274293,16.0
2025-02-12,459580,KODEX CD금리액티브(합성),1043659,267347,0.0005795233032372,단기자금,0.2504149748088417,0.4451989289995782,9.0,-0.1734102694317698,0.3468220195274293,16.0
2025-02-13,157450,TIGER 단기통안채,108480,15156,0.0005990093486332,단기자금,-0.0981040771740398,0.5385337379990212,11.0,8.466715614000957e-05,0.3553880257121803,12.0
2025-02-13,423160,KODEX KOFR금리액티브(합성),107638,149148,0.0005479833884542,단기자금,-0.0981040771740398,0.5385337379990212,11.0,8.466715614000957e-05,0.3553880257121803,12.0
2025-02-13,459580,KODEX CD금리액티브(합성),1043926,211212,0.0005630997448218,단기자금,-0.0981040771740398,0.5385337379990212,11.0,8.466715614000957e-05,0.3553880257121803,12.0
2025-02-14,157450,TIGER 단기통안채,108500,7583,0.0004607233437852,단기자금,0.3961207425767498,0.5423677107004603,5.0,-0.2174121354085703,0.3588876468228097,12.0
2025-02-14,423160,KODEX KOFR금리액티브(합성),107668,151612,0.000547830743292,단기자금,0.3961207425767498,0.5423677107004603,5.0,-0.2174121354085703,0.3588876468228097,12.0
2025-02-14,459580,KODEX CD금리액티브(합성),1044007,181042,0.0005697572078808,단기자금,0.3961207425767498,0.5423677107004603,5.0,-0.2174121354085703,0.3588876468228097,12.0
2025-02-17,157450,TIGER 단기통안채,108515,6117,0.0003685447132504,단기자금,0.1508700518849461,0.3708248686348228,6.0,-0.1278954860754311,0.3991698566598443,8.0
2025-02-17,423160,KODEX KOFR금리액티브(합성),107678,152403,0.0005384979750768,단기자금,0.1508700518849461,0.3708248686348228,6.0,-0.1278954860754311,0.3991698566598443,8.0
2025-02-17,459580,KODEX CD금리액티브(합성),1044101,334453,0.0005505614189775,단기자금,0.1508700518849461,0.3708248686348228,6.0,-0.1278954860754311,0.3991698566598443,8.0
2025-02-18,157450,TIGER 단기통안채,108525,38707,0.0004514069694661,단기자금,0.2500310945106321,0.4627767427649867,8.0,-0.0601235239838178,0.3862884203429903,13.0
2025-02-18,423160,KODEX KOFR금리액티브(합성),107683,133330,0.0005384729779542,단기자금,0.2500310945106321,0.4627767427649867,8.0,-0.0601235239838178,0.3862884203429903,13.0
2025-02-18,459580,KODEX CD금리액티브(합성),1044180,264375,0.0005514769381154,단기자금,0.2500310945106321,0.4627767427649867,8.0,-0.0601235239838178,0.3862884203429903,13.0
2025-02-19,157450,TIGER 단기통안채,108520,25042,0.0006356254445751,단기자금,0.009588809919478,0.1941406135497548,8.0,-0.1343253327844043,0.4009435575672182,12.0
2025-02-19,423160,KODEX KOFR금리액티브(합성),107692,243596,0.0005477086883765,단기자금,0.009588809919478,0.1941406135497548,8.0,-0.1343253327844043,0.4009435575672182,12.0
2025-02-19,459580,KODEX CD금리액티브(합성),1044264,291021,0.000555260919878,단기자금,0.009588809919478,0.1941406135497548,8.0,-0.1343253327844043,0.4009435575672182,12.0
2025-02-20,157450,TIGER 단기통안채,108545,16893,0.0006815126159427,단기자금,0.1679369834849543,0.4075434676689668,6.0,-0.1362156510353088,0.460450422988675,10.0
2025-02-20,423160,KODEX KOFR금리액티브(합성),107697,261251,0.0005940833190916,단기자금,0.1679369834849543,0.4075434676689668,6.0,-0.1362156510353088,0.460450422988675,10.0
2025-02-20,459580,KODEX CD금리액티브(합성),1044514,205542,0.0006067967158838,단기자금,0.1679369834849543,0.4075434676689668,6.0,-0.1362156510353088,0.460450422988675,10.0
2025-02-21,157450,TIGER 단기통안채,108550,6129,0.0007735376840702,단기자금,0.3270787666187971,0.5169085502549626,6.0,-0.3185104550793767,0.4464171619119688,8.0
2025-02-21,423160,KODEX KOFR금리액티브(합성),107727,269524,0.000677409352809,단기자금,0.3270787666187971,0.5169085502549626,6.0,-0.3185104550793767,0.4464171619119688,8.0
2025-02-21,459580,KODEX CD금리액티브(합성),1044602,174300,0.0005990918100735,단기자금,0.3270787666187971,0.5169085502549626,6.0,-0.3185104550793767,0.4464171619119688,8.0
2025-02-24,157450,TIGER 단기통안채,108555,30511,0.0007735020690091,단기자금,-0.2249254364051012,0.4505539728571148,4.0,-0.0526129649952054,0.4160412675037555,12.0
2025-02-24,423160,KODEX KOFR금리액티브(합성),107736,246242,0.0006402494407744,단기자금,-0.2249254364051012,0.4505539728571148,4.0,-0.0526129649952054,0.4160412675037555,12.0
2025-02-24,459580,KODEX CD금리액티브(합성),1044676,205146,0.0006114859058357,단기자금,-0.2249254364051012,0.4505539728571148,4.0,-0.0526129649952054,0.4160412675037555,12.0
2025-02-25,157450,TIGER 단기통안채,108574,16183,0.0006445138287158,단기자금,0.3228857372507466,0.4951377668474495,9.0,-0.4432312746842702,0.5243278010496557,6.0
2025-02-25,423160,KODEX KOFR금리액티브(합성),107741,231901,0.0006773213591966,단기자금,0.3228857372507466,0.4951377668474495,9.0,-0.4432312746842702,0.5243278010496557,6.0
2025-02-25,459580,KODEX CD금리액티브(합성),1044756,294376,0.0006200482458371,단기자금,0.3228857372507466,0.4951377668474495,9.0,-0.4432312746842702,0.5243278010496557,6.0
2025-02-26,157450,TIGER 단기통안채,108589,16652,0.0006352216814971,단기자금,0.2733385960032137,0.4540330790655127,8.0,0.0118103893473744,0.477557034585426,12.0
2025-02-26,423160,KODEX KOFR금리액티브(합성),107751,234513,0.00063088558014,단기자금,0.2733385960032137,0.4540330790655127,8.0,0.0118103893473744,0.477557034585426,12.0
2025-02-26,459580,KODEX CD금리액티브(합성),1044844,423527,0.0007854546832462,단기자금,0.2733385960032137,0.4540330790655127,8.0,0.0118103893473744,0.477557034585426,12.0
2025-02-27,157450,TIGER 단기통안채,108619,5276,0.0005890419954752,단기자금,0.056935662055821,0.6443490987740927,16.0,-0.1755327578634023,0.4573871286734943,10.0
2025-02-27,423160,KODEX KOFR금리액티브(합성),107761,263531,0.0008162887146827,단기자금,0.056935662055821,0.6443490987740927,16.0,-0.1755327578634023,0.4573871286734943,10.0
2025-02-27,459580,KODEX CD금리액티브(합성),1045148,343509,0.0005796541559259,단기자금,0.056935662055821,0.6443490987740927,16.0,-0.1755327578634023,0.4573871286734943,10.0
2025-02-28,157450,TIGER 단기통안채,108634,31223,0.0004049477304644,단기자금,0.0248760523463715,0.0923921070963134,5.0,-0.2903952456724185,0.4802502561034497,13.0
2025-02-28,423160,KODEX KOFR금리액티브(합성),107800,271794,0.0005471601136246,단기자금,0.0248760523463715,0.0923921070963134,5.0,-0.2903952456724185,0.4802502561034497,13.0
2025-02-28,459580,KODEX CD금리액티브(합성),1045228,341767,0.0005671794548067,단기자금,0.0248760523463715,0.0923921070963134,5.0,-0.2903952456724185,0.4802502561034497,13.0
2025-03-04,157450,TIGER 단기통안채,108639,21630,0.0004509333937363,단기자금,-0.2996911829155578,0.6740954328426081,10.0,,,
2025-03-04,423160,KODEX KOFR금리액티브(합성),107805,267298,0.0005471347432575,단기자금,-0.2996911829155578,0.6740954328426081,10.0,,,
2025-03-04,459580,KODEX CD금리액티브(합성),1045315,362140,0.0005786054813334,단기자금,-0.2996911829155578,0.6740954328426081,10.0,,,
2025-03-05,157450,TIGER 단기통안채,108644,4714,0.0005429106585257,단기자금,-0.0268033190090632,0.4094992480948808,11.0,,,
2025-03-05,423160,KODEX KOFR금리액티브(합성),107814,229069,0.000510007753899,단기자금,-0.0268033190090632,0.4094992480948808,11.0,,,
2025-03-05,459580,KODEX CD금리액티브(합성),1045404,293296,0.0005728201314987,단기자금,-0.0268033190090632,0.4094992480948808,11.0,,,
2025-03-06,157450,TIGER 단기통안채,108658,8901,0.0004600535583474,단기자금,-0.0013068202249996,0.0030729152584654,10.0,,,
2025-03-06,423160,KODEX KOFR금리액티브(합성),107819,314575,0.000509984108822,단기자금,-0.0013068202249996,0.0030729152584654,10.0,,,
2025-03-06,459580,KODEX CD금리액티브(합성),1045665,215082,0.0005526055779778,단기자금,-0.0013068202249996,0.0030729152584654,10.0,,,
2025-03-07,157450,TIGER 단기통안채,108683,32188,0.0004599477580455,단기자금,0.1569812013767659,0.804069318309547,6.0,,,
2025-03-07,423160,KODEX KOFR금리액티브(합성),107849,298141,0.0005005747444055,단기자금,0.1569812013767659,0.804069318309547,6.0,,,
2025-03-07,459580,KODEX CD금리액티브(합성),1045754,211172,0.0005477799514732,단기자금,0.1569812013767659,0.804069318309547,6.0,,,
2025-03-10,157450,TIGER 단기통안채,108678,3446,0.0005979183421693,단기자금,-0.0411510418004278,0.6367327427483962,6.0,,,
2025-03-10,423160,KODEX KOFR금리액티브(합성),107859,290024,0.0005005283459151,단기자금,-0.0411510418004278,0.6367327427483962,6.0,,,
2025-03-10,459580,KODEX CD금리액티브(합성),1045821,329805,0.0005639910063877,단기자금,-0.0411510418004278,0.6367327427483962,6.0,,,
2025-03-11,157450,TIGER 단기통안채,108688,26479,0.0005059076320588,단기자금,0.0501243008528201,0.7378456505351677,11.0,,,
2025-03-11,423160,KODEX KOFR금리액티브(합성),107864,295918,0.0004541726026623,단기자금,0.0501243008528201,0.7378456505351677,11.0,,,
2025-03-11,459580,KODEX CD금리액티브(합성),1045920,358514,0.0005448263142504,단기자금,0.0501243008528201,0.7378456505351677,11.0,,,
2025-03-12,157450,TIGER 단기통안채,108703,7517,0.0003679074386386,단기자금,-0.1216580643636656,0.3824260334260806,7.0,,,
2025-03-12,423160,KODEX KOFR금리액티브(합성),107869,269004,0.0005004819560241,단기자금,-0.1216580643636656,0.3824260334260806,7.0,,,
2025-03-12,459580,KODEX CD금리액티브(합성),1046003,264692,0.0005352280533745,단기자금,-0.1216580643636656,0.3824260334260806,7.0,,,
2025-03-13,157450,TIGER 단기통안채,108708,5535,0.000542591115737,단기자금,0.1229753907413956,0.3916281432538498,13.0,,,
2025-03-13,423160,KODEX KOFR금리액티브(합성),107874,315658,0.0005467848723164,단기자금,0.1229753907413956,0.3916281432538498,13.0,,,
2025-03-13,459580,KODEX CD금리액티브(합성),1046243,196469,0.0005408370301331,단기자금,0.1229753907413956,0.3916281432538498,13.0,,,
2025-03-14,157450,TIGER 단기통안채,108733,7871,0.0004045791053286,단기자금,-0.2854557351693074,0.4269640342354976,6.0,,,
2025-03-14,423160,KODEX KOFR금리액티브(합성),107903,423454,0.0005095871990796,단기자금,-0.2854557351693074,0.4269640342354976,6.0,,,
2025-03-14,459580,KODEX CD금리액티브(합성),1046327,164261,0.0005407936230241,단기자금,-0.2854557351693074,0.4269640342354976,6.0,,,
2025-03-17,157450,TIGER 단기통안채,108743,9398,0.0003585794774672,단기자금,0.1215388649252418,0.3544798431708434,8.0,,,
2025-03-17,423160,KODEX KOFR금리액티브(합성),107913,284380,0.0005095399890677,단기자금,0.1215388649252418,0.3544798431708434,8.0,,,
2025-03-17,459580,KODEX CD금리액티브(합성),1046411,296977,0.0005397950916083,단기자금,0.1215388649252418,0.3544798431708434,8.0,,,
2025-03-18,157450,TIGER 단기통안채,108743,13625,0.00049646043127,단기자금,-0.1415972725382224,0.620754334279754,7.0,,,
2025-03-18,423160,KODEX KOFR금리액티브(합성),107913,272209,0.0005558489345744,단기자금,-0.1415972725382224,0.620754334279754,7.0,,,
2025-03-18,459580,KODEX CD금리액티브(합성),1046490,192287,0.0005302037109498,단기자금,-0.1415972725382224,0.620754334279754,7.0,,,
2025-03-19,157450,TIGER 단기통안채,108743,17678,0.00049646043127,단기자금,-0.2640525827737292,0.4197909361202476,7.0,,,
2025-03-19,423160,KODEX KOFR금리액티브(합성),107923,275951,0.0005557974446723,단기자금,-0.2640525827737292,0.4197909361202476,7.0,,,
2025-03-19,459580,KODEX CD금리액티브(합성),1046563,265542,0.000534941737543,단기자금,-0.2640525827737292,0.4197909361202476,7.0,,,
2025-03-20,157450,TIGER 단기통안채,108767,6781,0.0005514858086232,단기자금,0.059630117152175,0.6430480977295038,13.0,,,
2025-03-20,423160,KODEX KOFR금리액티브(합성),107933,392099,0.0005557459643057,단기자금,0.059630117152175,0.6430480977295038,13.0,,,
2025-03-20,459580,KODEX CD금리액티브(합성),1046809,237068,0.0005348160599023,단기자금,0.059630117152175,0.6430480977295038,13.0,,,
2025-03-21,157450,TIGER 단기통안채,108777,4987,0.0005054938092747,단기자금,-0.1163384550716728,0.5189460694594387,5.0,,,
2025-03-21,423160,KODEX KOFR금리액티브(합성),107958,388906,0.0005463595459449,단기자금,-0.1163384550716728,0.5189460694594387,5.0,,,
2025-03-21,459580,KODEX CD금리액티브(합성),1046893,182237,0.0005347731591118,단기자금,-0.1163384550716728,0.5189460694594387,5.0,,,
2025-03-24,157450,TIGER 단기통안채,108782,3174,0.0005973468787043,단기자금,0.3416054891422391,0.5702271932975514,3.0,,,
2025-03-24,423160,KODEX KOFR금리액티브(합성),107968,356960,0.0005463089559238,단기자금,0.3416054891422391,0.5702271932975514,3.0,,,
2025-03-24,459580,KODEX CD금리액티브(합성),1046976,211987,0.0005442769415378,단기자금,0.3416054891422391,0.5702271932975514,3.0,,,
2025-03-25,157450,TIGER 단기통안채,108797,6932,0.0005054009085334,단기자금,-0.0358035597892012,0.815037571483509,4.0,,,
2025-03-25,423160,KODEX KOFR금리액티브(합성),107973,335859,0.0005462836644269,단기자금,-0.0358035597892012,0.815037571483509,4.0,,,
2025-03-25,459580,KODEX CD금리액티브(합성),1047045,265542,0.0005337409878887,단기자금,-0.0358035597892012,0.815037571483509,4.0,,,
2025-03-26,157450,TIGER 단기통안채,108797,4425,0.0006340076385171,단기자금,0.0401885177748876,0.4569818865541806,7.0,,,
2025-03-26,423160,KODEX KOFR금리액티브(합성),107983,340274,0.0005462330884569,단기자금,0.0401885177748876,0.4569818865541806,7.0,,,
2025-03-26,459580,KODEX CD금리액티브(합성),1047123,201127,0.00053942815242,단기자금,0.0401885177748876,0.4569818865541806,7.0,,,
2025-03-27,157450,TIGER 단기통안채,108827,5983,0.0007256594403841,단기자금,0.2066397163923991,0.4273030586279734,9.0,,,
2025-03-27,423160,KODEX KOFR금리액티브(합성),107993,378654,0.0005369276757818,단기자금,0.2066397163923991,0.4273030586279734,9.0,,,
2025-03-27,459580,KODEX CD금리액티브(합성),1047369,243639,0.0005440727702659,단기자금,0.2066397163923991,0.4273030586279734,9.0,,,
2025-03-28,157450,TIGER 단기통안채,108832,7408,0.0008633437654523,단기자금,0.2831295561651738,0.7352147407775893,6.0,,,
2025-03-28,423160,KODEX KOFR금리액티브(합성),108017,362886,0.0005368084093131,단기자금,0.2831295561651738,0.7352147407775893,6.0,,,
2025-03-28,459580,KODEX CD금리액티브(합성),1047453,174077,0.0005430749724855,단기자금,0.2831295561651738,0.7352147407775893,6.0,,,
2025-03-31,157450,TIGER 단기통안채,108847,16322,0.0007714278225137,단기자금,0.0532637565910673,0.6337787651535413,11.0,,,
2025-03-31,423160,KODEX KOFR금리액티브(합성),108027,35089,0.0005830175486849,단기자금,0.0532637565910673,0.6337787651535413,11.0,,,
2025-03-31,459580,KODEX CD금리액티브(합성),1047546,288850,0.0005248988258763,단기자금,0.0532637565910673,0.6337787651535413,11.0,,,
2025-04-01,157450,TIGER 단기통안채,108852,6184,0.0007713924014662,단기자금,0.1621758977962599,0.2808864080660224,3.0,,,
2025-04-01,423160,KODEX KOFR금리액티브(합성),108032,329037,0.0005829905729903,단기자금,0.1621758977962599,0.2808864080660224,3.0,,,
2025-04-01,459580,KODEX CD금리액티브(합성),1047604,171652,0.0005344103100419,단기자금,0.1621758977962599,0.2808864080660224,3.0,,,
2025-04-02,157450,TIGER 단기통안채,108866,8651,0.0008171847980928,단기자금,0.0211270328171932,0.4486844419480231,11.0,,,
2025-04-02,423160,KODEX KOFR금리액티브(합성),108042,330304,0.0004904296910037,단기자금,0.0211270328171932,0.4486844419480231,11.0,,,
2025-04-02,459580,KODEX CD금리액티브(합성),1047688,182977,0.0005343674743176,단기자금,0.0211270328171932,0.4486844419480231,11.0,,,
2025-04-03,157450,TIGER 단기통안채,108906,9069,0.0006792543150577,단기자금,0.2620587105004894,0.6330731321123464,11.0,,,
2025-04-03,423160,KODEX KOFR금리액티브(합성),108051,371079,0.0005458894200636,단기자금,0.2620587105004894,0.6330731321123464,11.0,,,
2025-04-03,459580,KODEX CD금리액티브(합성),1047939,218087,0.0005199332503771,단기자금,0.2620587105004894,0.6330731321123464,11.0,,,
2025-04-04,157450,TIGER 단기통안채,108926,23596,0.0005415054902382,단기자금,-0.0790604811991215,0.1768383660295857,5.0,,,
2025-04-04,423160,KODEX KOFR금리액티브(합성),108075,367253,0.0005087764037501,단기자금,-0.0790604811991215,0.1768383660295857,5.0,,,
2025-04-04,459580,KODEX CD금리액티브(합성),1048022,611235,0.0005160773467398,단기자금,-0.0790604811991215,0.1768383660295857,5.0,,,
2025-04-07,157450,TIGER 단기통안채,108931,44861,0.0005873553576893,단기자금,0.1984838908352281,0.3981155604016247,9.0,,,
2025-04-07,423160,KODEX KOFR금리액티브(합성),108090,395016,0.0004624705257469,단기자금,0.1984838908352281,0.3981155604016247,9.0,,,
2025-04-07,459580,KODEX CD금리액티브(합성),1048096,614400,0.0005284378869845,단기자금,0.1984838908352281,0.3981155604016247,9.0,,,
2025-04-08,157450,TIGER 단기통안채,108936,6628,0.0005873284068691,단기자금,0.0018700105617674,0.4471522124578955,11.0,,,
2025-04-08,423160,KODEX KOFR금리액티브(합성),108095,486060,0.0005086822926401,단기자금,0.0018700105617674,0.4471522124578955,11.0,,,
2025-04-08,459580,KODEX CD금리액티브(합성),1048164,331387,0.0005341248681993,단기자금,0.0018700105617674,0.4471522124578955,11.0,,,
2025-04-09,157450,TIGER 단기통안채,108955,18426,0.0003670566684945,단기자금,0.2006338682049318,0.4463618623926175,8.0,,,
2025-04-09,423160,KODEX KOFR금리액티브(합성),108095,347988,0.000601142188227,단기자금,0.2006338682049318,0.4463618623926175,8.0,,,
2025-04-09,459580,KODEX CD금리액티브(합성),1048248,258775,0.0005302682175063,단기자금,0.2006338682049318,0.4463618623926175,8.0,,,
2025-04-10,157450,TIGER 단기통안채,108980,8675,0.0006329433451828,단기자금,-0.0842285037621574,0.4036767712900439,6.0,,,
2025-04-10,423160,KODEX KOFR금리액티브(합성),108110,371935,0.0004623849899747,단기자금,-0.0842285037621574,0.4036767712900439,6.0,,,
2025-04-10,459580,KODEX CD금리액티브(합성),1048484,236592,0.0005187097973191,단기자금,-0.0842285037621574,0.4036767712900439,6.0,,,
2025-04-11,157450,TIGER 단기통안채,108985,6751,0.0005503829887132,단기자금,-0.0128748989109226,0.0274440736456294,4.0,,,
2025-04-11,423160,KODEX KOFR금리액티브(합성),108130,339119,0.0005824623528809,단기자금,-0.0128748989109226,0.0274440736456294,4.0,,,
2025-04-11,459580,KODEX CD금리액티브(합성),1048563,376774,0.0005139047577777,단기자금,-0.0128748989109226,0.0274440736456294,4.0,,,
2025-04-14,157450,TIGER 단기통안채,108995,6689,0.0006328562664492,단기자금,0.0181655326547722,0.8511428968257122,3.0,,,
2025-04-14,423160,KODEX KOFR금리액티브(합성),108140,338282,0.000536197999331,단기자금,0.0181655326547722,0.8511428968257122,3.0,,,
2025-04-14,459580,KODEX CD금리액티브(합성),1048650,240664,0.0005110027777792,단기자금,0.0181655326547722,0.8511428968257122,3.0,,,
2025-04-15,157450,TIGER 단기통안채,109000,7856,0.000586983654685,단기자금,-0.1629943053358147,0.3989930117928606,6.0,,,
2025-04-15,423160,KODEX KOFR금리액티브(합성),108150,336672,0.0005361484335164,단기자금,-0.1629943053358147,0.3989930117928606,6.0,,,
2025-04-15,459580,KODEX CD금리액티브(합성),1048724,200291,0.0005166850290585,단기자금,-0.1629943053358147,0.3989930117928606,6.0,,,
2025-04-16,157450,TIGER 단기통안채,108995,8395,0.0006786998572945,단기자금,-0.1940945574860961,0.2765882939281581,4.0,,,
2025-04-16,423160,KODEX KOFR금리액티브(합성),108160,325938,0.000489894774855,단기자금,-0.1940945574860961,0.2765882939281581,4.0,,,
2025-04-16,459580,KODEX CD금리액티브(합성),1048804,286878,0.000515692652895,단기자금,-0.1940945574860961,0.2765882939281581,4.0,,,
2025-04-17,157450,TIGER 단기통안채,109049,2697,0.0003209051386114,단기자금,0.3518281612639839,0.5128593481179674,10.0,,,
2025-04-17,423160,KODEX KOFR금리액티브(합성),108160,359701,0.000582300844151,단기자금,0.3518281612639839,0.5128593481179674,10.0,,,
2025-04-17,459580,KODEX CD금리액티브(합성),1049028,761105,0.0005098659163138,단기자금,0.3518281612639839,0.5128593481179674,10.0,,,
2025-04-18,157450,TIGER 단기통안채,109045,1965,0.0006783887610968,단기자금,0.4154891911010573,0.4243399994789643,7.0,,,
2025-04-18,423160,KODEX KOFR금리액티브(합성),108193,333485,0.0005544108141233,단기자금,0.4154891911010573,0.4243399994789643,7.0,,,
2025-04-18,459580,KODEX CD금리액티브(합성),1049102,334940,0.0005155462068824,단기자금,0.4154891911010573,0.4243399994789643,7.0,,,
2025-04-21,157450,TIGER 단기통안채,109064,6294,0.0005958028160648,단기자금,-0.0610708850606617,0.2144358651981815,13.0,,,
2025-04-21,423160,KODEX KOFR금리액티브(합성),108198,333238,0.0005913332889662,단기자금,-0.0610708850606617,0.2144358651981815,13.0,,,
2025-04-21,459580,KODEX CD금리액티브(합성),1049186,272494,0.0005116944200231,단기자금,-0.0610708850606617,0.2144358651981815,13.0,,,
2025-04-22,157450,TIGER 단기통안채,109064,25227,0.000733245376745,단기자금,0.2459639033422718,0.644188610951792,10.0,,,
2025-04-22,423160,KODEX KOFR금리액티브(합성),108208,333728,0.0004989144095723,단기자금,0.2459639033422718,0.644188610951792,10.0,,,
2025-04-22,459580,KODEX CD금리액티브(합성),1049266,254845,0.0005802373609835,단기자금,0.2459639033422718,0.644188610951792,10.0,,,
2025-04-23,157450,TIGER 단기통안채,109069,3932,0.0017679582860079,단기자금,0.3326501123265188,0.5154960532618146,6.0,,,
2025-04-23,423160,KODEX KOFR금리액티브(합성),108213,339259,0.0006281929497937,단기자금,0.3326501123265188,0.5154960532618146,6.0,,,
2025-04-23,459580,KODEX CD금리액티브(합성),1049345,256511,0.0008706404233702,단기자금,0.3326501123265188,0.5154960532618146,6.0,,,
2025-04-24,157450,TIGER 단기통안채,109084,1846,0.0018134696268017,단기자금,-0.285501941129561,0.4878128124797178,7.0,,,
2025-04-24,423160,KODEX KOFR금리액티브(합성),108223,375082,0.000951285923902,단기자금,-0.285501941129561,0.4878128124797178,7.0,,,
2025-04-24,459580,KODEX CD금리액티브(합성),1049563,172880,0.0007352738416628,단기자금,-0.285501941129561,0.4878128124797178,7.0,,,
2025-04-25,157450,TIGER 단기통안채,109119,20033,0.0007237182944823,단기자금,0.3342024116112346,0.5763559753715007,3.0,,,
2025-04-25,423160,KODEX KOFR금리액티브(합성),108253,337665,0.0007664286188404,단기자금,0.3342024116112346,0.5763559753715007,3.0,,,
2025-04-25,459580,KODEX CD금리액티브(합성),1049643,208871,0.0007333138111622,단기자금,0.3342024116112346,0.5763559753715007,3.0,,,
2025-04-28,157450,TIGER 단기통안채,109129,4291,0.0009067719998299,단기자금,0.3047111741507251,0.6778387595026988,9.0,,,
2025-04-28,423160,KODEX KOFR금리액티브(합성),108262,339921,0.0007294451462165,단기자금,0.3047111741507251,0.6778387595026988,9.0,,,
2025-04-28,459580,KODEX CD금리액티브(합성),1049723,273548,0.000875086052801,단기자금,0.3047111741507251,0.6778387595026988,9.0,,,
2025-04-29,157450,TIGER 단기통안채,109144,15409,0.0008151041998711,단기자금,0.3984893240606955,0.4968405086719583,12.0,,,
2025-04-29,423160,KODEX KOFR금리액티브(합성),108262,346737,0.0009048019747375,단기자금,0.3984893240606955,0.4968405086719583,12.0,,,
2025-04-29,459580,KODEX CD금리액티브(합성),1049875,216979,0.000804533996872,단기자금,0.3984893240606955,0.4968405086719583,12.0,,,
2025-04-30,157450,TIGER 단기통안채,109262,7259,-0.0001739090643031,단기자금,0.0885638646092654,0.2583046244446567,6.0,,,
2025-04-30,423160,KODEX KOFR금리액티브(합성),108281,416135,0.0008215979155998,단기자금,0.0885638646092654,0.2583046244446567,6.0,,,
2025-04-30,459580,KODEX CD금리액티브(합성),1050259,313299,0.0005159300657986,단기자금,0.0885638646092654,0.2583046244446567,6.0,,,
2025-05-02,157450,TIGER 단기통안채,109282,11174,-0.0002745568212585,단기자금,-0.029699582257308,0.0605473185682927,4.0,,,
2025-05-02,423160,KODEX KOFR금리액티브(합성),108326,373857,0.000452236037999,단기자금,-0.029699582257308,0.0605473185682927,4.0,,,
2025-05-02,459580,KODEX CD금리액티브(합성),1050335,176819,0.0005187474982051,단기자금,-0.029699582257308,0.0605473185682927,4.0,,,
2025-05-07,157450,TIGER 단기통안채,109198,11054,0.0005859196359132,단기자금,-0.0005141512924637,0.5333803052640878,8.0,,,
2025-05-07,423160,KODEX KOFR금리액티브(합성),108336,361705,0.0004983250843686,단기자금,-0.0005141512924637,0.5333803052640878,8.0,,,
2025-05-07,459580,KODEX CD금리액티브(합성),1050413,273080,0.0005196605001742,단기자금,-0.0005141512924637,0.5333803052640878,8.0,,,
2025-05-08,157450,TIGER 단기통안채,109228,8061,0.0005857587573672,단기자금,0.113401634767797,0.3876910960468294,9.0,,,
2025-05-08,423160,KODEX KOFR금리액티브(합성),108341,372089,0.0004983020921063,단기자금,0.113401634767797,0.3876910960468294,9.0,,,
2025-05-08,459580,KODEX CD금리액티브(합성),1050642,208221,0.0005166933454372,단기자금,0.113401634767797,0.3876910960468294,9.0,,,
2025-05-09,157450,TIGER 단기통안채,109233,6299,0.0006772215871517,단기자금,0.3324789523685467,0.5758501207688431,3.0,,,
2025-05-09,423160,KODEX KOFR금리액티브(합성),108360,337267,0.0005996725045349,단기자금,0.3324789523685467,0.5758501207688431,3.0,,,
2025-05-09,459580,KODEX CD금리액티브(합성),1050720,152674,0.0005166549987105,단기자금,0.3324789523685467,0.5758501207688431,3.0,,,
2025-05-12,157450,TIGER 단기통안채,109243,17424,0.0006314200296717,단기자금,0.1684380347105616,0.632207971951597,7.0,,,
2025-05-12,423160,KODEX KOFR금리액티브(합성),108370,333127,0.0005535055491865,단기자금,0.1684380347105616,0.632207971951597,7.0,,,
2025-05-12,459580,KODEX CD금리액티브(합성),1050801,200438,0.00051566401922,단기자금,0.1684380347105616,0.632207971951597,7.0,,,
2025-05-13,157450,TIGER 단기통안채,109252,4547,0.0005947778680077,단기자금,0.3325745005859062,0.5161350778795968,6.0,,,
2025-05-13,423160,KODEX KOFR금리액티브(합성),108375,345119,0.0005534800196631,단기자금,0.3325745005859062,0.5161350778795968,6.0,,,
2025-05-13,459580,KODEX CD금리액티브(합성),1050880,271340,0.0005146741707697,단기자금,0.3325745005859062,0.5161350778795968,6.0,,,
2025-05-14,157450,TIGER 단기통안채,109262,116745,0.0004117692869147,단기자금,0.0412455867299286,0.1238645566614102,8.0,,,
2025-05-14,423160,KODEX KOFR금리액티브(합성),108390,338528,0.0005072981869123,단기자금,0.0412455867299286,0.1238645566614102,8.0,,,
2025-05-14,459580,KODEX CD금리액티브(합성),1050959,172981,0.0005203416107679,단기자금,0.0412455867299286,0.1238645566614102,8.0,,,
2025-05-15,157450,TIGER 단기통안채,109292,14846,0.000539692571289,단기자금,0.1774733042227374,0.3944102352823123,11.0,,,
2025-05-15,423160,KODEX KOFR금리액티브(합성),108395,403518,0.0005533779251205,단기자금,0.1774733042227374,0.3944102352823123,11.0,,,
2025-05-15,459580,KODEX CD금리액티브(합성),1051185,237083,0.0005287870452459,단기자금,0.1774733042227374,0.3944102352823123,11.0,,,
2025-05-16,157450,TIGER 단기통안채,109307,21923,0.000448178254393,단기자금,0.2917221997713568,0.450816187585477,8.0,,,
2025-05-16,423160,KODEX KOFR금리액티브(합성),108425,343345,0.0005071344706557,단기자금,0.2917221997713568,0.450816187585477,8.0,,,
2025-05-16,459580,KODEX CD금리액티브(합성),1051263,168919,0.0005296985549545,단기자금,0.2917221997713568,0.450816187585477,8.0,,,
2025-05-19,157450,TIGER 단기통안채,109312,9587,0.0003567133023292,단기자금,-0.2998627080191259,0.3966850315987982,7.0,,,
2025-05-19,423160,KODEX KOFR금리액티브(합성),108430,338483,0.0005439818683932,단기자금,-0.2998627080191259,0.3966850315987982,7.0,,,
2025-05-19,459580,KODEX CD금리액티브(합성),1051343,199449,0.0005325102372548,단기자금,-0.2998627080191259,0.3966850315987982,7.0,,,
2025-05-20,157450,TIGER 단기통안채,109317,10394,0.0004938542681571,단기자금,0.0047642250857069,0.532996626761121,13.0,,,
2025-05-20,423160,KODEX KOFR금리액티브(합성),108435,331305,0.0005439567918976,단기자금,0.0047642250857069,0.532996626761121,13.0,,,
2025-05-20,459580,KODEX CD금리액티브(합성),1051421,243221,0.0005324707433302,단기자금,0.0047642250857069,0.532996626761121,13.0,,,
2025-05-21,157450,TIGER 단기통안채,109307,8121,0.0006767632684407,단기자금,0.1821573579679049,0.3155187041762224,3.0,,,
2025-05-21,423160,KODEX KOFR금리액티브(합성),108445,326048,0.0005439066458432,단기자금,0.1821573579679049,0.3155187041762224,3.0,,,
2025-05-21,459580,KODEX CD금리액티브(합성),1051506,359261,0.0005267246312303,단기자금,0.1821573579679049,0.3155187041762224,3.0,,,
2025-05-22,157450,TIGER 단기통안채,109351,9801,0.0363144065824467,단기자금,0.1228080231597102,0.3023265641809007,14.0,,,
2025-05-22,423160,KODEX KOFR금리액티브(합성),108455,387748,0.0005346410657924,단기자금,0.1228080231597102,0.3023265641809007,14.0,,,
2025-05-22,459580,KODEX CD금리액티브(합성),1051741,168702,0.00051425294488,단기자금,0.1228080231597102,0.3023265641809007,14.0,,,
2025-05-23,157450,TIGER 단기통안채,109356,8687,0.0005942123889859,단기자금,-0.0464439332485199,0.901087781142362,5.0,,,
2025-05-23,423160,KODEX KOFR금리액티브(합성),108480,335809,0.0005253044813144,단기자금,-0.0464439332485199,0.901087781142362,5.0,,,
2025-05-23,459580,KODEX CD금리액티브(합성),1051820,183949,0.0005123138400193,단기자금,-0.0464439332485199,0.901087781142362,5.0,,,
2025-05-26,157450,TIGER 단기통안채,109351,3941,0.0007313216221209,단기자금,0.2005512221272511,0.4449168700545364,5.0,,,
2025-05-26,423160,KODEX KOFR금리액티브(합성),108489,328149,0.0005805354911689,단기자금,0.2005512221272511,0.4449168700545364,5.0,,,
2025-05-26,459580,KODEX CD금리액티브(합성),1051903,202301,0.0005787831934291,단기자금,0.2005512221272511,0.4449168700545364,5.0,,,
2025-05-27,157450,TIGER 단기통안채,109371,4780,0.0007677333052367,단기자금,0.0756981108206673,0.1517047361073301,4.0,,,
2025-05-27,423160,KODEX KOFR금리액티브(합성),108494,340399,0.000626566436539,단기자금,0.0756981108206673,0.1517047361073301,4.0,,,
2025-05-27,459580,KODEX CD금리액티브(합성),1051981,273777,0.0007782282729991,단기자금,0.0756981108206673,0.1517047361073301,4.0,,,
2025-05-28,157450,TIGER 단기통안채,109381,41662,0.0007676631432627,단기자금,-0.0025655700252779,0.0052277944596536,6.0,,,
2025-05-28,423160,KODEX KOFR금리액티브(합성),108504,360146,0.0008107013009883,단기자금,-0.0025655700252779,0.0052277944596536,6.0,,,
2025-05-28,459580,KODEX CD금리액티브(합성),1052060,210329,0.0007791196342701,단기자금,-0.0025655700252779,0.0052277944596536,6.0,,,
2025-05-29,157450,TIGER 단기통안채,113395,19883,-0.0349984124972717,단기자금,0.03451390577731,0.405606693772697,17.0,,,
2025-05-29,423160,KODEX KOFR금리액티브(합성),108513,382342,0.0008198420651286,단기자금,0.03451390577731,0.405606693772697,17.0,,,
2025-05-29,459580,KODEX CD금리액티브(합성),1052282,227878,0.0006431567913942,단기자금,0.03451390577731,0.405606693772697,17.0,,,
2025-05-30,157450,TIGER 단기통안채,109421,112759,0.0005847258807296,단기자금,-1.1007776629412549e-05,4.882864237714857e-05,5.0,,,
2025-05-30,423160,KODEX KOFR금리액티브(합성),108537,35161,0.0006447334711054,단기자금,-1.1007776629412549e-05,4.882864237714857e-05,5.0,,,
2025-05-30,459580,KODEX CD금리액티브(합성),1052359,269787,0.0006450090159155,단기자금,-1.1007776629412549e-05,4.882864237714857e-05,5.0,,,
2025-06-02,157450,TIGER 단기통안채,109431,9104,0.0004476705219786,단기자금,-0.051442934312945,0.120649762007744,4.0,,,
2025-06-02,423160,KODEX KOFR금리액티브(합성),108552,372967,0.0005065413008527,단기자금,-0.051442934312945,0.120649762007744,4.0,,,
2025-06-02,459580,KODEX CD금리액티브(합성),1052512,158739,0.0005793979552617,단기자금,-0.051442934312945,0.120649762007744,4.0,,,
2025-06-04,157450,TIGER 단기통안채,109455,11321,0.0005480202904664,단기자금,0.2069993849812211,0.3829958329244348,12.0,,,
2025-06-04,423160,KODEX KOFR금리액티브(합성),108562,404025,0.0004972879491731,단기자금,0.2069993849812211,0.3829958329244348,12.0,,,
2025-06-04,459580,KODEX CD금리액티브(합성),1052800,186435,0.0005194319411696,단기자금,0.2069993849812211,0.3829958329244348,12.0,,,
2025-06-05,157450,TIGER 단기통안채,109465,26847,0.0005479702406621,단기자금,0.2199006408243601,0.4060839231421939,9.0,,,
2025-06-05,423160,KODEX KOFR금리액티브(합성),108592,356580,0.0004971506008359,단기자금,0.2199006408243601,0.4060839231421939,9.0,,,
2025-06-05,459580,KODEX CD금리액티브(합성),1052880,169368,0.0005222403278715,단기자금,0.2199006408243601,0.4060839231421939,9.0,,,
2025-06-09,157450,TIGER 단기통안채,109495,8862,0.0003195982221004,단기자금,0.2789734888916427,0.4479169511488995,10.0,,,
2025-06-09,423160,KODEX KOFR금리액티브(합성),108602,394907,0.0004510869891856,단기자금,0.2789734888916427,0.4479169511488995,10.0,,,
2025-06-09,459580,KODEX CD금리액티브(합성),1052959,216176,0.0005231503644882,단기자금,0.2789734888916427,0.4479169511488995,10.0,,,
2025-06-10,157450,TIGER 단기통안채,109485,7724,0.0004930966569336,단기자금,0.033708251333467,0.1703261438725577,14.0,,,
2025-06-10,423160,KODEX KOFR금리액티브(합성),108607,343192,0.0004510662269314,단기자금,0.033708251333467,0.1703261438725577,14.0,,,
2025-06-10,459580,KODEX CD금리액티브(합성),1053038,200201,0.0005269076671137,단기자금,0.033708251333467,0.1703261438725577,14.0,,,
2025-06-11,157450,TIGER 단기통안채,109480,8962,0.0005844108574528,단기자금,0.0244134112551612,0.0805504544117627,11.0,,,
2025-06-11,423160,KODEX KOFR금리액티브(합성),108607,39613,0.0005430955659484,단기자금,0.0244134112551612,0.0805504544117627,11.0,,,
2025-06-11,459580,KODEX CD금리액티브(합성),1053122,215665,0.0005268656505332,단기자금,0.0244134112551612,0.0805504544117627,11.0,,,
2025-06-12,157450,TIGER 단기통안채,109515,28054,0.0004473272273202,단기자금,0.1452941291357162,0.3043587297226336,13.0,,,
2025-06-12,423160,KODEX KOFR금리액티브(합성),108616,376656,0.0004970407767803,단기자금,0.1452941291357162,0.3043587297226336,13.0,,,
2025-06-12,459580,KODEX CD금리액티브(합성),1053347,167099,0.0005267531391233,단기자금,0.1452941291357162,0.3043587297226336,13.0,,,
2025-06-13,157450,TIGER 단기통안채,109525,20417,0.0004929166157925,단기자금,0.145243603412382,0.1846042069642711,4.0,,,
2025-06-13,423160,KODEX KOFR금리액티브(합성),108646,426915,0.0004509043469038,단기자금,0.145243603412382,0.1846042069642711,4.0,,,
2025-06-13,459580,KODEX CD금리액티브(합성),1053430,226381,0.0005238653026786,단기자금,0.145243603412382,0.1846042069642711,4.0,,,
2025-06-16,157450,TIGER 단기통안채,109530,10158,0.0003560034542555,단기자금,-0.1736776105601166,0.3888012643668951,5.0,,,
2025-06-16,423160,KODEX KOFR금리액티브(합성),108651,338401,0.0004968807036469,단기자금,-0.1736776105601166,0.3888012643668951,5.0,,,
2025-06-16,459580,KODEX CD금리액티브(합성),1053510,227014,0.0005209793960894,단기자금,-0.1736776105601166,0.3888012643668951,5.0,,,
2025-06-17,157450,TIGER 단기통안채,109539,23735,0.0003651000871158,단기자금,-0.0475654943638801,0.698889456130214,4.0,,,
2025-06-17,423160,KODEX KOFR금리액티브(합성),108656,338705,0.0005428507155862,단기자금,-0.0475654943638801,0.698889456130214,4.0,,,
2025-06-17,459580,KODEX CD금리액티브(합성),1053593,168301,0.0005180924445919,단기자금,-0.0475654943638801,0.698889456130214,4.0,,,
2025-06-18,157450,TIGER 단기통안채,109544,17332,0.0005019553547676,단기자금,-0.1341392207770176,0.2473488276257005,7.0,,,
2025-06-18,423160,KODEX KOFR금리액티브(합성),108666,373560,0.0004968121324342,단기자금,-0.1341392207770176,0.2473488276257005,7.0,,,
2025-06-18,459580,KODEX CD금리액티브(합성),1053677,203414,0.0005123597408722,단기자금,-0.1341392207770176,0.2473488276257005,7.0,,,
2025-06-19,157450,TIGER 단기통안채,109564,48481,0.0004106345273591,단기자금,0.0059821870957724,0.0147766767504441,6.0,,,
2025-06-19,423160,KODEX KOFR금리액티브(합성),108670,402068,0.0005427807988862,단기자금,0.0059821870957724,0.0147766767504441,6.0,,,
2025-06-19,459580,KODEX CD금리액티브(합성),1053902,161988,0.0005075085282619,단기자금,0.0059821870957724,0.0147766767504441,6.0,,,
2025-06-20,157450,TIGER 단기통안채,109579,14280,0.0003649668376901,단기자금,0.2257110674778232,0.4313049691501943,5.0,,,
2025-06-20,423160,KODEX KOFR금리액티브(합성),108695,345573,0.0005334608860554,단기자금,0.2257110674778232,0.4313049691501943,5.0,,,
2025-06-20,459580,KODEX CD금리액티브(합성),1053982,153754,0.0005065217149056,단기자금,0.2257110674778232,0.4313049691501943,5.0,,,
2025-06-23,157450,TIGER 단기통안채,109569,13336,0.0004562293635341,단기자금,0.0036333940869163,0.7042780368030009,7.0,,,
2025-06-23,423160,KODEX KOFR금리액티브(합성),108705,332704,0.0004874392521898,단기자금,0.0036333940869163,0.7042780368030009,7.0,,,
2025-06-23,459580,KODEX CD금리액티브(합성),1054059,192151,0.000499847068589,단기자금,0.0036333940869163,0.7042780368030009,7.0,,,
2025-06-24,157450,TIGER 단기통안채,109579,22261,0.0005382794347585,단기자금,0.5413073074887507,0.4985939345096613,3.0,,,
2025-06-24,423160,KODEX KOFR금리액티브(합성),108715,362811,0.0004414239672918,단기자금,0.5413073074887507,0.4985939345096613,3.0,,,
2025-06-24,459580,KODEX CD금리액티브(합성),1054139,223157,0.0004884310695629,단기자금,0.5413073074887507,0.4985939345096613,3.0,,,
2025-06-25,157450,TIGER 단기통안채,109599,59717,0.0003557793658135,단기자금,0.4216838987882511,0.4522117072652628,10.0,,,
2025-06-25,423160,KODEX KOFR금리액티브(합성),108720,337346,0.000487372017023,단기자금,0.4216838987882511,0.4522117072652628,10.0,,,
2025-06-25,459580,KODEX CD금리액티브(합성),1054217,211642,0.000479861930362,단기자금,0.4216838987882511,0.4522117072652628,10.0,,,
2025-06-26,157450,TIGER 단기통안채,109609,29232,0.0003557469126302,단기자금,-0.3152261253538502,0.4952611052459844,6.0,,,
2025-06-26,423160,KODEX KOFR금리액티브(합성),108729,400183,0.0004505602194768,단기자금,-0.3152261253538502,0.4952611052459844,6.0,,,
2025-06-26,459580,KODEX CD금리액티브(합성),1054437,206707,0.0004617512210121,단기자금,-0.3152261253538502,0.4952611052459844,6.0,,,
2025-06-27,157450,TIGER 단기통안채,109619,25574,0.0003101171173032,단기자금,0.0004380444443086,0.0007401883517069,4.0,,,
2025-06-27,423160,KODEX KOFR금리액티브(합성),108753,178345,0.000450460810633,단기자금,0.0004380444443086,0.0007401883517069,4.0,,,
2025-06-27,459580,KODEX CD금리액티브(합성),1054516,187351,0.0004522379455398,단기자금,0.0004380444443086,0.0007401883517069,4.0,,,
2025-06-30,157450,TIGER 단기통안채,109619,14827,0.0004469029246205,단기자금,-0.0520457630977034,0.7074474786785323,5.0,,,
2025-06-30,423160,KODEX KOFR금리액티브(합성),108758,44643,0.0004504401059772,단기자금,-0.0520457630977034,0.7074474786785323,5.0,,,
2025-06-30,459580,KODEX CD금리액티브(합성),1054586,193342,0.0004559991698496,단기자금,-0.0520457630977034,0.7074474786785323,5.0,,,
2025-07-01,157450,TIGER 단기통안채,109638,11247,0.0003647704722276,단기자금,1.7730531908455305e-05,1.75149944411993e-06,2.0,,,
2025-07-01,423160,KODEX KOFR금리액티브(합성),108763,400880,0.0004963691617678,단기자금,1.7730531908455305e-05,1.75149944411993e-06,2.0,,,
2025-07-01,459580,KODEX CD금리액티브(합성),1054654,223589,0.0004654471908125,단기자금,1.7730531908455305e-05,1.75149944411993e-06,2.0,,,
2025-07-02,157450,TIGER 단기통안채,109638,14060,0.0004103574270715,단기자금,0.0034818539861589,0.0,1.0,,,
2025-07-02,423160,KODEX KOFR금리액티브(합성),108773,326422,0.0004503780034301,단기자금,0.0034818539861589,0.0,1.0,,,
2025-07-02,459580,KODEX CD금리액티브(합성),1054723,240787,0.0004692074414229,단기자금,0.0034818539861589,0.0,1.0,,,
2025-07-03,157450,TIGER 단기통안채,109648,19483,0.0004103200097684,단기자금,2.6659556169761345e-05,0.0,1.0,,,
2025-07-03,423160,KODEX KOFR금리액티브(합성),108778,432476,0.0004963007316618,단기자금,2.6659556169761345e-05,0.0,1.0,,,
2025-07-03,459580,KODEX CD금리액티브(합성),1054924,199908,0.0004748029917447,단기자금,2.6659556169761345e-05,0.0,1.0,,,
2025-07-04,157450,TIGER 단기통안채,109653,74379,0.0005014565137138,단기자금,0.0790350437164306,0.0,1.0,,,
2025-07-04,423160,KODEX KOFR금리액티브(합성),108802,348553,0.0005053776886825,단기자금,0.0790350437164306,0.0,1.0,,,
2025-07-04,459580,KODEX CD금리액티브(합성),1054993,172092,0.0004804564713101,단기자금,0.0790350437164306,0.0,1.0,,,
2025-07-07,157450,TIGER 단기통안채,109668,26670,0.0004558176079214,단기자금,,,,,,
2025-07-07,423160,KODEX KOFR금리액티브(합성),108807,341928,0.0005053544709667,단기자금,,,,,,
2025-07-07,459580,KODEX CD금리액티브(합성),1055067,176828,0.0004794754289623,단기자금,,,,,,
2025-07-08,157450,TIGER 단기통안채,109678,7965,0.0003646374632459,단기자금,,,,,,
2025-07-08,423160,KODEX KOFR금리액티브(합성),108817,364841,0.0005053080419337,단기자금,,,,,,
2025-07-08,459580,KODEX CD금리액티브(합성),1055145,211865,0.0004756508547174,단기자금,,,,,,
2025-07-09,157450,TIGER 단기통안채,109683,11515,0.0004101891029257,단기자금,0.0001439776096958,0.0,1.0,,,
2025-07-09,423160,KODEX KOFR금리액티브(합성),108822,332004,0.0005052848306164,단기자금,0.0001439776096958,0.0,1.0,,,
2025-07-09,459580,KODEX CD금리액티브(합성),1055218,167575,0.0004737235135046,단기자금,0.0001439776096958,0.0,1.0,,,
2025-07-10,157450,TIGER 단기통안채,109693,13890,0.0004921618765045,단기자금,,,,,,
2025-07-10,423160,KODEX KOFR금리액티브(합성),108832,404077,0.0005052384143784,단기자금,,,,,,
2025-07-10,459580,KODEX CD금리액티브(합성),1055425,181009,0.0004849950032586,단기자금,,,,,,
2025-07-11,157450,TIGER 단기통안채,109708,8781,0.0004009842394019,단기자금,,,,,,
2025-07-11,423160,KODEX KOFR금리액티브(합성),108857,337987,0.0005051224110825,단기자금,,,,,,
2025-07-11,459580,KODEX CD금리액티브(합성),1055500,175841,0.0004830666299646,단기자금,,,,,,
2025-07-14,157450,TIGER 단기통안채,109718,11251,0.0004009476999211,단기자금,,,,,,
2025-07-14,423160,KODEX KOFR금리액티브(합성),108862,333492,0.0005050992168147,단기자금,,,,,,
2025-07-14,459580,KODEX CD금리액티브(합성),1055573,206799,0.0004839801255371,단기자금,,,,,,
2025-07-15,157450,TIGER 단기통안채,109718,12076,0.0004464997682216,단기자금,,,,,,
2025-07-15,423160,KODEX KOFR금리액티브(합성),108872,334137,0.0004591494795853,단기자금,,,,,,
2025-07-15,459580,KODEX CD금리액티브(합성),1055647,173916,0.0004820525492732,단기자금,,,,,,
2025-07-16,157450,TIGER 단기통안채,109728,29530,0.0004009111670999,단기자금,0.998368203639984,0.0,1.0,,,
2025-07-16,423160,KODEX KOFR금리액티브(합성),108877,337476,0.0005050296467921,단기자금,0.998368203639984,0.0,1.0,,,
2025-07-16,459580,KODEX CD금리액티브(합성),1055718,160402,0.0004848604321985,단기자금,0.998368203639984,0.0,1.0,,,
2025-07-17,157450,TIGER 단기통안채,109747,23633,0.000409949946297,단기자금,4.214170621708036e-05,0.0,1.0,,,
2025-07-17,423160,KODEX KOFR금리액티브(합성),108887,366147,0.0005049832774215,단기자금,4.214170621708036e-05,0.0,1.0,,,
2025-07-17,459580,KODEX CD금리액티브(합성),1055937,177204,0.0004790804776391,단기자금,4.214170621708036e-05,0.0,1.0,,,
2025-07-18,157450,TIGER 단기통안채,109752,34158,0.000455468821924,단기자금,,,,,,
2025-07-18,423160,KODEX KOFR금리액티브(합성),108912,354447,0.0005048673912426,단기자금,,,,,,
2025-07-18,459580,KODEX CD금리액티브(합성),1056010,293692,0.0004781008599845,단기자금,,,,,,
2025-07-21,157450,TIGER 단기통안채,109762,293724,0.0004098939343002,단기자금,,,,,,
2025-07-21,423160,KODEX KOFR금리액티브(합성),108917,331772,0.0004956675090479,단기자금,,,,,,
2025-07-21,459580,KODEX CD금리액티브(합성),1056084,244246,0.0004771209251224,단기자금,,,,,,
2025-07-22,157450,TIGER 단기통안채,109767,14537,0.0005009358497023,단기자금,0.9556562900543212,0.0,1.0,,,
2025-07-22,423160,KODEX KOFR금리액티브(합성),108922,373168,0.0004497620467489,단기자금,0.9556562900543212,0.0,1.0,,,
2025-07-22,459580,KODEX CD금리액티브(합성),1056156,160265,0.0004799275373148,단기자금,0.9556562900543212,0.0,1.0,,,
2025-07-23,157450,TIGER 단기통안채,109772,30225,0.0004553858563003,단기자금,0.937104105949402,0.0887282198347102,2.0,,,
2025-07-23,423160,KODEX KOFR금리액티브(합성),108932,343001,0.0004864237397264,단기자금,0.937104105949402,0.0887282198347102,2.0,,,
2025-07-23,459580,KODEX CD금리액티브(합성),1056230,177588,0.0004808402302227,단기자금,0.937104105949402,0.0887282198347102,2.0,,,
2025-07-24,157450,TIGER 단기통안채,109792,28387,0.0004461988937283,단기자금,0.3491452788002789,0.5639858961592573,3.0,,,
2025-07-24,423160,KODEX KOFR금리액티브(합성),108942,355282,0.0004405043846347,단기자금,0.3491452788002789,0.5639858961592573,3.0,,,
2025-07-24,459580,KODEX CD금리액티브(합성),1056443,162326,0.0004779049495446,단기자금,0.3491452788002789,0.5639858961592573,3.0,,,
2025-07-25,157450,TIGER 단기통안채,109802,11604,0.0004916734294937,단기자금,8.852726023178548e-05,0.0001594161122146,2.0,,,
2025-07-25,423160,KODEX KOFR금리액티브(합성),108967,387644,0.0004404033431733,단기자금,8.852726023178548e-05,0.0001594161122146,2.0,,,
2025-07-25,459580,KODEX CD금리액티브(합성),1056515,211310,0.0004797644987757,단기자금,8.852726023178548e-05,0.0001594161122146,2.0,,,
2025-07-28,157450,TIGER 단기통안채,109807,9383,0.0005371620674239,단기자금,-5.26235035067657e-05,7.601471984918033e-05,2.0,,,
2025-07-28,423160,KODEX KOFR금리액티브(합성),108971,29234,0.0004495598517841,단기자금,-5.26235035067657e-05,7.601471984918033e-05,2.0,,,
2025-07-28,459580,KODEX CD금리액티브(합성),1056588,192859,0.0004806773479675,단기자금,-5.26235035067657e-05,7.601471984918033e-05,2.0,,,
2025-07-29,157450,TIGER 단기통안채,109822,15724,0.0004460770330645,단기자금,,,,,,
2025-07-29,423160,KODEX KOFR금리액티브(합성),108971,53142,0.0005412819339394,단기자금,,,,,,
2025-07-29,459580,KODEX CD금리액티브(합성),1056663,202142,0.0004806432385695,단기자금,,,,,,
2025-07-30,157450,TIGER 단기통안채,109822,14900,0.0004915839114367,단기자금,,,,,,
2025-07-30,423160,KODEX KOFR금리액티브(합성),108985,29986,0.000458673524232,단기자금,,,,,,
2025-07-30,459580,KODEX CD금리액티브(합성),1056738,266555,0.0004796632799042,단기자금,,,,,,
2025-07-31,157450,TIGER 단기통안채,109841,8089,0.0005915894359933,단기자금,0.9998258948326112,0.0,1.0,,,
2025-07-31,423160,KODEX KOFR금리액티브(합성),108990,372219,0.0005045061679691,단기자금,0.9998258948326112,0.0,1.0,,,
2025-07-31,459580,KODEX CD금리액티브(합성),1056948,210552,0.0004805136669947,단기자금,0.9998258948326112,0.0,1.0,,,
2025-08-01,157450,TIGER 단기통안채,109856,15517,0.0004550377304788,단기자금,,,,-0.3855683458968997,0.5411783180285609,12.0
2025-08-01,423160,KODEX KOFR금리액티브(합성),109015,346131,0.0004952220346616,단기자금,,,,-0.3855683458968997,0.5411783180285609,12.0
2025-08-01,459580,KODEX CD금리액티브(합성),1057022,229652,0.0004804800352733,단기자금,,,,-0.3855683458968997,0.5411783180285609,12.0
2025-08-04,157450,TIGER 단기통안채,109866,46686,0.0004095060049849,단기자금,,,,-0.138859549164772,0.394817976225039,15.0
2025-08-04,423160,KODEX KOFR금리액티브(합성),109020,345158,0.0005410387158057,단기자금,,,,-0.138859549164772,0.394817976225039,15.0
2025-08-04,459580,KODEX CD금리액티브(합성),1057096,424338,0.0004804464082592,단기자금,,,,-0.138859549164772,0.394817976225039,15.0
2025-08-05,157450,TIGER 단기통안채,109871,14206,0.0004094873730355,단기자금,,,,-0.1243677975144237,0.548520419129968,8.0
2025-08-05,423160,KODEX KOFR금리액티브(합성),109030,341733,0.0004951539204576,단기자금,,,,-0.1243677975144237,0.548520419129968,8.0
2025-08-05,459580,KODEX CD금리액티브(합성),1057171,151136,0.0004794668647392,단기자금,,,,-0.1243677975144237,0.548520419129968,8.0
2025-08-06,157450,TIGER 단기통안채,109876,12537,0.0006277835353873,단기자금,,,,-0.2599145424153123,0.6607271339117395,7.0
2025-08-06,423160,KODEX KOFR금리액티브(합성),109035,371214,0.0004951312198873,단기자금,,,,-0.2599145424153123,0.6607271339117395,7.0
2025-08-06,459580,KODEX CD금리액티브(합성),1057245,220777,0.0006741669967418,단기자금,,,,-0.2599145424153123,0.6607271339117395,7.0
2025-08-07,157450,TIGER 단기통안채,109906,6320,0.0004457361770509,단기자금,0.0005910091640544,0.0006191633714794,2.0,-0.2099214158952236,0.5919174266675119,9.0
2025-08-07,423160,KODEX KOFR금리액티브(합성),109045,398706,0.000724209245611,단기자금,0.0005910091640544,0.0006191633714794,2.0,-0.2099214158952236,0.5919174266675119,9.0
2025-08-07,459580,KODEX CD금리액티브(합성),1057456,184917,0.0005455003682914,단기자금,0.0005910091640544,0.0006191633714794,2.0,-0.2099214158952236,0.5919174266675119,9.0
2025-08-08,157450,TIGER 단기통안채,109906,32106,0.0004457361770509,단기자금,,,,-0.2433232790125268,0.4312545327157087,7.0
2025-08-08,423160,KODEX KOFR금리액티브(합성),109069,372049,0.0005957755110852,단기자금,,,,-0.2433232790125268,0.4312545327157087,7.0
2025-08-08,459580,KODEX CD금리액티브(합성),1057530,142683,0.0005454622076523,단기자금,,,,-0.2433232790125268,0.4312545327157087,7.0
2025-08-11,157450,TIGER 단기통안채,109911,27673,0.0004457159044282,단기자금,0.0001691002689767,0.000228491689417,2.0,-0.0864964233711362,0.2954536750415212,10.0
2025-08-11,423160,KODEX KOFR금리액티브(합성),109079,33146,0.0005499088206466,단기자금,0.0001691002689767,0.000228491689417,2.0,-0.0864964233711362,0.2954536750415212,10.0
2025-08-11,459580,KODEX CD금리액티브(합성),1057604,169930,0.0005425889945964,단기자금,0.0001691002689767,0.000228491689417,2.0,-0.0864964233711362,0.2954536750415212,10.0
2025-08-12,157450,TIGER 단기통안채,109916,10700,0.0005820933696583,단기자금,1.6103640518849716e-05,0.0,1.0,-0.1318263869732618,0.4377107588069659,10.0
2025-08-12,423160,KODEX KOFR금리액티브(합성),109084,25255,0.0005498836218258,단기자금,1.6103640518849716e-05,0.0,1.0,-0.1318263869732618,0.4377107588069659,10.0
2025-08-12,459580,KODEX CD금리액티브(합성),1057678,163430,0.0005434959969434,단기자금,1.6103640518849716e-05,0.0,1.0,-0.1318263869732618,0.4377107588069659,10.0
2025-08-13,157450,TIGER 단기통안채,109945,17216,0.0004546694631386,단기자금,0.0017241025052499,0.0025249061121525,2.0,-0.2378501226859433,0.4596612067681672,7.0
2025-08-13,423160,KODEX KOFR금리액티브(합성),109089,62131,0.0005498584253125,단기자금,0.0017241025052499,0.0025249061121525,2.0,-0.2378501226859433,0.4596612067681672,7.0
2025-08-13,459580,KODEX CD금리액티브(합성),1057958,153375,0.0004847788515913,단기자금,0.0017241025052499,0.0025249061121525,2.0,-0.2378501226859433,0.4596612067681672,7.0
2025-08-14,157450,TIGER 단기통안채,109955,20445,0.0004546281220338,단기자금,0.000725225876522,0.0011942005487945,4.0,-0.132651496339928,0.2025702880788758,11.0
2025-08-14,423160,KODEX KOFR금리액티브(합성),109124,53094,0.000448929676752,단기자금,0.000725225876522,0.0011942005487945,4.0,-0.132651496339928,0.2025702880788758,11.0
2025-08-14,459580,KODEX CD금리액티브(합성),1058033,159435,0.0004828551098583,단기자금,0.000725225876522,0.0011942005487945,4.0,-0.132651496339928,0.2025702880788758,11.0
2025-08-18,157450,TIGER 단기통안채,109955,38074,0.0005455289492939,단기자금,,,,0.1761704152449965,0.4348213884029398,4.0
2025-08-18,423160,KODEX KOFR금리액티브(합성),109134,51955,0.0004030928267404,단기자금,,,,0.1761704152449965,0.4348213884029398,4.0
2025-08-18,459580,KODEX CD금리액티브(합성),1058107,213055,0.0004809320915502,단기자금,,,,0.1761704152449965,0.4348213884029398,4.0
2025-08-19,157450,TIGER 단기통안채,109960,17186,0.0005455041502671,단기자금,,,,0.0148193194634384,0.2552273142275994,9.0
2025-08-19,423160,KODEX KOFR금리액티브(합성),109139,29653,0.0004030743635166,단기자금,,,,0.0148193194634384,0.2552273142275994,9.0
2025-08-19,459580,KODEX CD금리액티브(합성),1058178,180359,0.0004846780882914,단기자금,,,,0.0148193194634384,0.2552273142275994,9.0
2025-08-20,157450,TIGER 단기통안채,109980,14311,0.0004454363304233,단기자금,,,,-0.1698753653715054,0.2881341165661762,12.0
2025-08-20,423160,KODEX KOFR금리액티브(합성),109144,375987,0.0004030559019803,단기자금,,,,-0.1698753653715054,0.2881341165661762,12.0
2025-08-20,459580,KODEX CD금리액티브(합성),1058253,213186,0.0004846437467413,단기자금,,,,-0.1698753653715054,0.2881341165661762,12.0
2025-08-21,157450,TIGER 단기통안채,109995,13598,0.0004453755998703,단기자금,0.99983948469162,0.0,1.0,-0.1883470620959997,0.3509135144775662,12.0
2025-08-21,423160,KODEX KOFR금리액티브(합성),109149,406585,0.0004488268748605,단기자금,0.99983948469162,0.0,1.0,-0.1883470620959997,0.3509135144775662,12.0
2025-08-21,459580,KODEX CD금리액티브(합성),1058471,160634,0.0004845439549239,단기자금,0.99983948469162,0.0,1.0,-0.1883470620959997,0.3509135144775662,12.0
2025-08-22,157450,TIGER 단기통안채,110005,10480,0.0004453351220323,단기자금,,,,-0.1660033442700902,0.4477391979544928,12.0
2025-08-22,423160,KODEX KOFR금리액티브(합성),109173,329297,0.0004029488584222,단기자금,,,,-0.1660033442700902,0.4477391979544928,12.0
2025-08-22,459580,KODEX CD금리액티브(합성),1058544,207132,0.0004826220733189,단기자금,,,,-0.1660033442700902,0.4477391979544928,12.0
2025-08-25,157450,TIGER 단기통안채,110015,25213,0.0003544342947723,단기자금,0.000181234019692,0.0,1.0,-0.3181043410052855,0.5104687943251653,12.0
2025-08-25,423160,KODEX KOFR금리액티브(합성),109178,334085,0.0004487076836348,단기자금,0.000181234019692,0.0,1.0,-0.3181043410052855,0.5104687943251653,12.0
2025-08-25,459580,KODEX CD금리액티브(합성),1058616,175474,0.0004854217739929,단기자금,0.000181234019692,0.0,1.0,-0.3181043410052855,0.5104687943251653,12.0
2025-08-26,157450,TIGER 단기통안채,110020,6425,0.0004452744190714,단기자금,8.537850226275623e-05,0.0,1.0,-0.4625034492749434,0.3631490363510294,13.0
2025-08-26,423160,KODEX KOFR금리액티브(합성),109183,341703,0.0004944602243401,단기자금,8.537850226275623e-05,0.0,1.0,-0.4625034492749434,0.3631490363510294,13.0
2025-08-26,459580,KODEX CD금리액티브(합성),1058691,177462,0.00048538739399,단기자금,8.537850226275623e-05,0.0,1.0,-0.4625034492749434,0.3631490363510294,13.0
2025-08-27,157450,TIGER 단기통안채,110029,13403,0.0004088994754916,단기자금,1.895815512398258e-05,0.0,1.0,-0.0537024096331813,0.4875507039638875,11.0
2025-08-27,423160,KODEX KOFR금리액티브(합성),109188,23132,0.0004944375873296,단기자금,1.895815512398258e-05,0.0,1.0,-0.0537024096331813,0.4875507039638875,11.0
2025-08-27,459580,KODEX CD금리액티브(합성),1058766,218228,0.0004844089809523,단기자금,1.895815512398258e-05,0.0,1.0,-0.0537024096331813,0.4875507039638875,11.0
2025-08-28,157450,TIGER 단기통안채,110044,20289,0.0004542605171273,단기자금,0.9994899034500122,0.0,1.0,-0.3117221141500132,0.3891426187060258,7.0
2025-08-28,423160,KODEX KOFR금리액티브(합성),109198,53810,0.0004852391271175,단기자금,0.9994899034500122,0.0,1.0,-0.3117221141500132,0.3891426187060258,7.0
2025-08-28,459580,KODEX CD금리액티브(합성),1058984,190575,0.0004786462051047,단기자금,0.9994899034500122,0.0,1.0,-0.3117221141500132,0.3891426187060258,7.0
2025-08-29,157450,TIGER 단기통안채,110054,7141,0.0003633919039938,단기자금,,,,-0.0564854504032568,0.3362610704242557,11.0
2025-08-29,423160,KODEX KOFR금리액티브(합성),109217,328034,0.0004943063335236,단기자금,,,,-0.0564854504032568,0.3362610704242557,11.0
2025-08-29,459580,KODEX CD금리액티브(합성),1059055,182242,0.0004805016945397,단기자금,,,,-0.0564854504032568,0.3362610704242557,11.0
2025-09-01,157450,TIGER 단기통안채,110054,12562,0.0004542192503542,단기자금,0.1236680055258148,0.3465211843324001,8.0,,,
2025-09-01,423160,KODEX KOFR금리액티브(합성),109227,370342,0.0004942610897487,단기자금,0.1236680055258148,0.3465211843324001,8.0,,,
2025-09-01,459580,KODEX CD금리액티브(합성),1059130,201955,0.0004804676770255,단기자금,0.1236680055258148,0.3465211843324001,8.0,,,
2025-09-02,157450,TIGER 단기통안채,110069,8745,0.0002725191688686,단기자금,,,,,,
2025-09-02,423160,KODEX KOFR금리액티브(합성),109237,368632,0.0004942158542533,단기자금,,,,,,
2025-09-02,459580,KODEX CD금리액티브(합성),1059205,292319,0.0004804336643271,단기자금,,,,,,
2025-09-03,157450,TIGER 단기통안채,110074,14743,0.000408732345047,단기자금,,,,,,
2025-09-03,423160,KODEX KOFR금리액티브(합성),109242,331412,0.0004941932396107,단기자금,,,,,,
2025-09-03,459580,KODEX CD금리액티브(합성),1059279,154618,0.0004794565244612,단기자금,,,,,,
2025-09-04,157450,TIGER 단기통안채,110094,16318,0.0004449751931652,단기자금,0.001296202186495,0.0,1.0,,,
2025-09-04,423160,KODEX KOFR금리액티브(합성),109251,383823,0.0005033012089388,단기자금,0.001296202186495,0.0,1.0,,,
2025-09-04,459580,KODEX CD금리액티브(합성),1059491,152719,0.000478417212518,단기자금,0.001296202186495,0.0,1.0,,,
2025-09-05,157450,TIGER 단기통안채,110094,19649,0.0003995786314927,단기자금,0.9698321223258972,0.0,1.0,,,
2025-09-05,423160,KODEX KOFR금리액티브(합성),109271,335406,0.0005489428413891,단기자금,0.9698321223258972,0.0,1.0,,,
2025-09-05,459580,KODEX CD금리액티브(합성),1059564,141815,0.0004802709235445,단기자금,0.9698321223258972,0.0,1.0,,,
2025-09-08,157450,TIGER 단기통안채,110104,10971,0.0004449347880726,단기자금,,,,,,
2025-09-08,423160,KODEX KOFR금리액티브(합성),109281,329158,0.0005031630766172,단기자금,,,,,,
2025-09-08,459580,KODEX CD금리액티브(합성),1059639,176697,0.000480236938694,단기자금,,,,,,
2025-09-09,157450,TIGER 단기통안채,110099,7247,0.0005811261298003,단기자금,,,,,,
2025-09-09,423160,KODEX KOFR금리액티브(합성),109291,357272,0.000503117049357,단기자금,,,,,,
2025-09-09,459580,KODEX CD금리액티브(합성),1059714,149761,0.0004783165612778,단기자금,,,,,,
2025-09-10,157450,TIGER 단기통안채,110119,60198,0.0004902583941461,단기자금,,,,,,
2025-09-10,423160,KODEX KOFR금리액티브(합성),109296,338829,0.0005030940388852,단기자금,,,,,,
2025-09-10,459580,KODEX CD금리액티브(합성),1059787,234616,0.0004745110761898,단기자금,,,,,,
2025-09-11,157450,TIGER 단기통안채,110143,131020,0.0004084763435532,단기자금,,,,,,
2025-09-11,423160,KODEX KOFR금리액티브(합성),109306,369593,0.0005030480242549,단기자금,,,,,,
2025-09-11,459580,KODEX CD금리액티브(합성),1059998,226239,0.0004706448345412,단기자금,,,,,,
2025-09-12,157450,TIGER 단기통안채,110138,41530,0.0004538729052256,단기자금,0.0001055717730196,5.375206968233538e-05,2.0,,,
2025-09-12,423160,KODEX KOFR금리액티브(합성),109331,362224,0.0004572222911498,단기자금,0.0001055717730196,5.375206968233538e-05,2.0,,,
2025-09-12,459580,KODEX CD금리액티브(합성),1060073,182389,0.0004706115443262,단기자금,0.0001055717730196,5.375206968233538e-05,2.0,,,
2025-09-15,157450,TIGER 단기통안채,110153,23924,0.0003630653648301,단기자금,,,,,,
2025-09-15,423160,KODEX KOFR금리액티브(합성),109336,339425,0.0005029100308533,단기자금,,,,,,
2025-09-15,459580,KODEX CD금리액티브(합성),1060148,220323,0.0004686926155432,단기자금,,,,,,
2025-09-16,157450,TIGER 단기통안채,110163,11766,0.0003176605687436,단기자금,,,,,,
2025-09-16,423160,KODEX KOFR금리액티브(합성),109346,343055,0.0004571595840836,단기자금,,,,,,
2025-09-16,459580,KODEX CD금리액티브(합성),1060221,264322,0.000469603109142,단기자금,,,,,,
2025-09-17,157450,TIGER 단기통안채,110173,23495,0.000272261953981,단기자금,,,,,,
2025-09-17,423160,KODEX KOFR금리액티브(합성),109351,367486,0.0005028410625378,단기자금,,,,,,
2025-09-17,459580,KODEX CD금리액티브(합성),1060290,216347,0.0004742860222144,단기자금,,,,,,
2025-09-18,157450,TIGER 단기통안채,110188,28427,0.0003085159499995,단기자금,,,,,,
2025-09-18,423160,KODEX KOFR금리액티브(합성),109361,382792,0.0005027950941709,단기자금,,,,,,
2025-09-18,459580,KODEX CD금리액티브(합성),1060497,190941,0.0004789059918017,단기자금,,,,,,
2025-09-19,157450,TIGER 단기통안채,110188,37446,0.0001814914976208,단기자금,0.8752409517765045,0.1449440657001773,2.0,,,
2025-09-19,423160,KODEX KOFR금리액티브(합성),109381,335363,0.0005392535582036,단기자금,0.8752409517765045,0.1449440657001773,2.0,,,
2025-09-19,459580,KODEX CD금리액티브(합성),1060572,191468,0.0004741599421809,단기자금,0.8752409517765045,0.1449440657001773,2.0,,,
2025-09-22,157450,TIGER 단기통안채,110193,31214,0.0002268489331953,단기자금,,,,,,
2025-09-22,423160,KODEX KOFR금리액티브(합성),109391,342016,0.0004935202717639,단기자금,,,,,,
2025-09-22,459580,KODEX CD금리액티브(합성),1060645,202639,0.0004750696905357,단기자금,,,,,,
2025-09-23,157450,TIGER 단기통안채,110198,59441,0.0002631280496068,단기자금,,,,,,
2025-09-23,423160,KODEX KOFR금리액티브(합성),109396,354737,0.0004478137169794,단기자금,,,,,,
2025-09-23,459580,KODEX CD금리액티브(합성),1060719,223765,0.0004750365556436,단기자금,,,,,,
2025-09-24,157450,TIGER 단기통안채,110203,35011,0.0005352323625835,단기자금,,,,,,
2025-09-24,423160,KODEX KOFR금리액티브(합성),109406,367776,0.0004934526248554,단기자금,,,,,,
2025-09-24,459580,KODEX CD금리액티브(합성),1060793,346162,0.0009375379058624,단기자금,,,,,,
2025-09-25,157450,TIGER 단기통안채,110222,14552,0.000634880346384,단기자금,-4.114337207283825e-05,0.0,1.0,,,
2025-09-25,423160,KODEX KOFR금리액티브(합성),109416,62190,0.0010778717645525,단기자금,-4.114337207283825e-05,0.0,1.0,,,
2025-09-25,459580,KODEX CD금리액티브(합성),1061005,299439,0.0009364090436321,단기자금,-4.114337207283825e-05,0.0,1.0,,,
2025-09-26,157450,TIGER 단기통안채,110208,26879,0.0009432251742289,단기자금,,,,,,
2025-09-26,423160,KODEX KOFR금리액티브(합성),109440,49078,0.0010867630602149,단기자금,,,,,,
2025-09-26,459580,KODEX CD금리액티브(합성),1061075,340015,0.0009401135234128,단기자금,,,,,,
2025-09-29,157450,TIGER 단기통안채,110218,19274,0.001070032837843,단기자금,0.9972471296787262,0.0035384386667321,2.0,,,
2025-09-29,423160,KODEX KOFR금리액티브(합성),109445,31391,0.0010410769693383,단기자금,0.9972471296787262,0.0035384386667321,2.0,,,
2025-09-29,459580,KODEX CD금리액티브(합성),1061149,292891,0.0009409894835386,단기자금,0.9972471296787262,0.0035384386667321,2.0,,,
2025-09-30,157450,TIGER 단기통안채,110227,40802,0.0008977434598396,단기자금,0.7364530712366104,0.3369229817407239,2.0,,,
2025-09-30,423160,KODEX KOFR금리액티브(합성),109445,33281,0.0011323478247931,단기자금,0.7364530712366104,0.3369229817407239,2.0,,,
2025-09-30,459580,KODEX CD금리액티브(합성),1061223,306436,0.0009418653207333,단기자금,0.7364530712366104,0.3369229817407239,2.0,,,
2025-10-01,157450,TIGER 단기통안채,110262,13223,0.0007162187583773,단기자금,,,,-0.3740846307149955,0.4281683689162031,14.0
2025-10-01,423160,KODEX KOFR금리액티브(합성),109460,673099,0.0009953020741377,단기자금,,,,-0.3740846307149955,0.4281683689162031,14.0
2025-10-01,459580,KODEX CD금리액티브(합성),1061788,236012,0.0004783238418877,단기자금,,,,-0.3740846307149955,0.4281683689162031,14.0
2025-10-02,157450,TIGER 단기통안채,110292,23381,0.0006254163981367,단기자금,3.387795004528016e-06,0.0,1.0,-0.4715310861356556,0.3932025729543612,8.0
2025-10-02,423160,KODEX KOFR금리액티브(합성),109534,430254,0.0004107469719514,단기자금,3.387795004528016e-06,0.0,1.0,-0.4715310861356556,0.3932025729543612,8.0
2025-10-02,459580,KODEX CD금리액티브(합성),1061999,204956,0.0004838758359824,단기자금,3.387795004528016e-06,0.0,1.0,-0.4715310861356556,0.3932025729543612,8.0
2025-10-10,157450,TIGER 단기통안채,110312,47410,0.0004440960226705,단기자금,,,,-0.2080033253878355,0.4100658629848243,12.0
2025-10-10,423160,KODEX KOFR금리액티브(합성),109559,445608,0.0003650334502438,단기자금,,,,-0.2080033253878355,0.4100658629848243,12.0
2025-10-10,459580,KODEX CD금리액티브(합성),1062073,276324,0.0004894887105866,단기자금,,,,-0.2080033253878355,0.4100658629848243,12.0
2025-10-13,157450,TIGER 단기통안채,110336,57911,0.0002718597945179,단기자금,1.612423875485547e-05,0.0,1.0,-0.1720698624849319,0.6531374847033005,3.0
2025-10-13,423160,KODEX KOFR금리액티브(합성),109559,374233,0.0004562709963824,단기자금,1.612423875485547e-05,0.0,1.0,-0.1720698624849319,0.6531374847033005,3.0
2025-10-13,459580,KODEX CD금리액티브(합성),1062148,266122,0.0004932182590735,단기자금,1.612423875485547e-05,0.0,1.0,-0.1720698624849319,0.6531374847033005,3.0
2025-10-14,157450,TIGER 단기통안채,110326,17773,0.0003624961524479,단기자금,0.2713735990879026,0.4569838624718645,7.0,-0.1896109258612761,0.470613250157965,13.0
2025-10-14,423160,KODEX KOFR금리액티브(합성),109569,341304,0.0004106157925765,단기자금,0.2713735990879026,0.4569838624718645,7.0,-0.1896109258612761,0.470613250157965,13.0
2025-10-14,459580,KODEX CD금리액티브(합성),1062223,235826,0.0004969472669937,단기자금,0.2713735990879026,0.4569838624718645,7.0,-0.1896109258612761,0.470613250157965,13.0
2025-10-15,157450,TIGER 단기통안채,110341,14659,0.0002718474771175,단기자금,0.0142507159045115,0.5783246607418515,7.0,-0.1426241281959745,0.1795209107418399,9.0
2025-10-15,423160,KODEX KOFR금리액티브(합성),109569,338824,0.0004562293635341,단기자금,0.0142507159045115,0.5783246607418515,7.0,-0.1426241281959745,0.1795209107418399,9.0
2025-10-15,459580,KODEX CD금리액티브(합성),1062296,254386,0.0004978540148314,단기자금,0.0142507159045115,0.5783246607418515,7.0,-0.1426241281959745,0.1795209107418399,9.0
2025-10-16,157450,TIGER 단기통안채,110361,18531,0.0003170907404363,단기자금,-0.19732735749191,0.3908250690738531,6.0,-0.2575890554913452,0.4308707017739165,7.0
2025-10-16,423160,KODEX KOFR금리액티브(합성),109579,356550,0.0004561877382869,단기자금,-0.19732735749191,0.3908250690738531,6.0,-0.2575890554913452,0.4308707017739165,7.0
2025-10-16,459580,KODEX CD금리액티브(합성),1062513,214563,0.0005080999711299,단기자금,-0.19732735749191,0.3908250690738531,6.0,-0.2575890554913452,0.4308707017739165,7.0
2025-10-17,157450,TIGER 단기통안채,110361,27504,0.0001812070204554,단기자금,-0.2590969336201851,0.4348598070462624,8.0,-0.4045742214657366,0.4162545803896114,8.0
2025-10-17,423160,KODEX KOFR금리액티브(합성),109599,351458,0.0004469844587688,단기자금,-0.2590969336201851,0.4348598070462624,8.0,-0.4045742214657366,0.4162545803896114,8.0
2025-10-17,459580,KODEX CD금리액티브(합성),1062593,241531,0.0005071211107274,단기자금,-0.2590969336201851,0.4348598070462624,8.0,-0.4045742214657366,0.4162545803896114,8.0
2025-10-20,157450,TIGER 단기통안채,110366,27646,0.0003170763772963,단기자금,0.0654187456433906,0.4618554805113838,14.0,-0.267366386950016,0.4555380132472665,7.0
2025-10-20,423160,KODEX KOFR금리액티브(합성),109609,341133,0.0004925389570171,단기자금,0.0654187456433906,0.4618554805113838,14.0,-0.267366386950016,0.4555380132472665,7.0
2025-10-20,459580,KODEX CD금리액티브(합성),1062672,221227,0.0005061428729202,단기자금,0.0654187456433906,0.4618554805113838,14.0,-0.267366386950016,0.4555380132472665,7.0
2025-10-21,157450,TIGER 단기통안채,110366,12111,0.0003170763772963,단기자금,0.4005632673612126,0.5156775793290135,10.0,-0.1417322056367993,0.5874718561213587,12.0
2025-10-21,423160,KODEX KOFR금리액티브(합성),109614,377609,0.0004925164955782,단기자금,0.4005632673612126,0.5156775793290135,10.0,-0.1417322056367993,0.5874718561213587,12.0
2025-10-21,459580,KODEX CD금리액티브(합성),1062751,203728,0.0005070457357572,단기자금,0.4005632673612126,0.5156775793290135,10.0,-0.1417322056367993,0.5874718561213587,12.0
2025-10-22,157450,TIGER 단기통안채,110371,26719,0.0003623483838133,단기자금,-0.1252387607862395,0.6251071487609552,11.0,-0.3394039496779442,0.368798912713506,11.0
2025-10-22,423160,KODEX KOFR금리액티브(합성),109619,364873,0.000538083069296,단기자금,-0.1252387607862395,0.6251071487609552,11.0,-0.3394039496779442,0.368798912713506,11.0
2025-10-22,459580,KODEX CD금리액티브(합성),1062825,216276,0.0005117124889544,단기자금,-0.1252387607862395,0.6251071487609552,11.0,-0.3394039496779442,0.368798912713506,11.0
2025-10-23,157450,TIGER 단기통안채,110396,14495,4.5290470440662034e-05,단기자금,0.0874298071742357,0.2311233766819969,7.0,-0.2705208551796043,0.357298965397734,17.0
2025-10-23,423160,KODEX KOFR금리액티브(합성),109629,404508,0.0004924491235431,단기자금,0.0874298071742357,0.2311233766819969,7.0,-0.2705208551796043,0.357298965397734,17.0
2025-10-23,459580,KODEX CD금리액티브(합성),1063053,385387,0.0005116027666662,단기자금,0.0874298071742357,0.2311233766819969,7.0,-0.2705208551796043,0.357298965397734,17.0
2025-10-24,157450,TIGER 단기통안채,110381,13515,0.0,단기자금,0.3286958142722141,0.6284676407905461,5.0,-0.0813566371798515,0.3350964840149039,9.0
2025-10-24,423160,KODEX KOFR금리액티브(합성),109648,72757,0.0005379407938974,단기자금,0.3286958142722141,0.6284676407905461,5.0,-0.0813566371798515,0.3350964840149039,9.0
2025-10-24,459580,KODEX CD금리액티브(합성),1063132,202623,0.0005115647598312,단기자금,0.3286958142722141,0.6284676407905461,5.0,-0.0813566371798515,0.3350964840149039,9.0
2025-10-27,157450,TIGER 단기통안채,110401,15991,9.05747876629448e-05,단기자금,0.4311623818066437,0.4996560307543726,11.0,0.1143699032919747,0.6179521815694644,7.0
2025-10-27,423160,KODEX KOFR금리액티브(합성),109663,387970,0.0004922964818181,단기자금,0.4311623818066437,0.4996560307543726,11.0,0.1143699032919747,0.6179521815694644,7.0
2025-10-27,459580,KODEX CD금리액티브(합성),1063210,250783,0.0005087070347471,단기자금,0.4311623818066437,0.4996560307543726,11.0,0.1143699032919747,0.6179521815694644,7.0
2025-10-28,157450,TIGER 단기통안채,110401,94154,-9.058299220043864e-05,단기자금,0.111239156126885,0.3271991833596364,8.0,-0.2419847899249621,0.4007216286234936,7.0
2025-10-28,423160,KODEX KOFR금리액티브(합성),109668,368550,0.0004922740424859,단기자금,0.111239156126885,0.3271991833596364,8.0,-0.2419847899249621,0.4007216286234936,7.0
2025-10-28,459580,KODEX CD금리액티브(합성),1063290,241840,0.0005077287709216,단기자금,0.111239156126885,0.3271991833596364,8.0,-0.2419847899249621,0.4007216286234936,7.0
2025-10-29,157450,TIGER 단기통안채,110411,39721,-0.0001358652581036,단기자금,0.1171024990321062,0.6538932113831271,7.0,0.0009446042988981,0.4689503194443647,14.0
2025-10-29,423160,KODEX KOFR금리액티브(합성),109678,38491,0.0004922291699571,단기자금,0.1171024990321062,0.6538932113831271,7.0,0.0009446042988981,0.4689503194443647,14.0
2025-10-29,459580,KODEX CD금리액티브(합성),1063369,221082,0.0005076910602177,단기자금,0.1171024990321062,0.6538932113831271,7.0,0.0009446042988981,0.4689503194443647,14.0
2025-10-30,157450,TIGER 단기통안채,110401,44147,9.05747876629448e-05,단기자금,0.1903438535409805,0.3627979032144976,6.0,-0.0306919811723324,0.4713117598568225,13.0
2025-10-30,423160,KODEX KOFR금리액티브(합성),109683,87212,0.0004922067367623,단기자금,0.1903438535409805,0.3627979032144976,6.0,-0.0306919811723324,0.4713117598568225,13.0
2025-10-30,459580,KODEX CD금리액티브(합성),1063597,241231,0.0004981849252647,단기자금,0.1903438535409805,0.3627979032144976,6.0,-0.0306919811723324,0.4713117598568225,13.0
2025-10-31,157450,TIGER 단기통안채,110381,87178,0.0003985399000256,단기자금,0.1657450403836264,0.4084674000332141,6.0,-0.3167901754379272,0.6110466577151538,10.0
2025-10-31,423160,KODEX KOFR금리액티브(합성),109707,337530,0.0005012097485419,단기자금,0.1657450403836264,0.4084674000332141,6.0,-0.3167901754379272,0.6110466577151538,10.0
2025-10-31,459580,KODEX CD금리액티브(합성),1063676,211279,0.0004943892560707,단기자금,0.1657450403836264,0.4084674000332141,6.0,-0.3167901754379272,0.6110466577151538,10.0
2025-11-03,157450,TIGER 단기통안채,110411,57669,-4.528636835843258e-05,단기자금,2.607567876111716e-05,0.0,1.0,-0.01384488089631,0.2650948694838522,12.0
2025-11-03,423160,KODEX KOFR금리액티브(합성),109717,350170,0.0004556140845348,단기자금,2.607567876111716e-05,0.0,1.0,-0.01384488089631,0.2650948694838522,12.0
2025-11-03,459580,KODEX CD금리액티브(합성),1063751,265104,0.0004934148022108,단기자금,2.607567876111716e-05,0.0,1.0,-0.01384488089631,0.2650948694838522,12.0
2025-11-04,157450,TIGER 단기통안채,110391,43073,0.0002264420974587,단기자금,0.0998926310442454,0.4123539834044905,7.0,-0.0842247754335403,0.4450058155852539,11.0
2025-11-04,423160,KODEX KOFR금리액티브(합성),109722,370629,0.0005011412457562,단기자금,0.0998926310442454,0.4123539834044905,7.0,-0.0842247754335403,0.4450058155852539,11.0
2025-11-04,459580,KODEX CD금리액티브(합성),1063830,215553,0.0004886804784831,단기자금,0.0998926310442454,0.4123539834044905,7.0,-0.0842247754335403,0.4450058155852539,11.0
2025-11-05,157450,TIGER 단기통안채,110396,85061,0.0002173755533529,단기자금,0.1793455461156554,0.4593429686539128,5.0,0.0421635899692773,0.1789140017580778,4.0
2025-11-05,423160,KODEX KOFR금리액티브(합성),109732,351799,0.0004555518177866,단기자금,0.1793455461156554,0.4593429686539128,5.0,0.0421635899692773,0.1789140017580778,4.0
2025-11-05,459580,KODEX CD금리액티브(합성),1063909,240223,0.0004839468354358,단기자금,0.1793455461156554,0.4593429686539128,5.0,0.0421635899692773,0.1789140017580778,4.0
2025-11-06,157450,TIGER 단기통안채,110411,11710,0.0003078929281397,단기자금,0.1377743234757376,0.3590259993432596,11.0,-0.2217293699582417,0.3937674154714491,15.0
2025-11-06,423160,KODEX KOFR금리액티브(합성),109737,372951,0.0005010727616916,단기자금,0.1377743234757376,0.3590259993432596,11.0,-0.2217293699582417,0.3937674154714491,15.0
2025-11-06,459580,KODEX CD금리액티브(합성),1064127,285085,0.0004847869991646,단기자금,0.1377743234757376,0.3590259993432596,11.0,-0.2217293699582417,0.3937674154714491,15.0
2025-11-07,157450,TIGER 단기통안채,110425,30176,0.0001811020061985,단기자금,-0.0004361987839729,0.000919357356749,4.0,-0.3536559225370486,0.5214309023979866,12.0
2025-11-07,423160,KODEX KOFR금리액티브(합성),109762,365579,0.0005009586631725,단기자금,-0.0004361987839729,0.000919357356749,4.0,-0.3536559225370486,0.5214309023979866,12.0
2025-11-07,459580,KODEX CD금리액티브(합성),1064202,248128,0.0004828744084903,단기자금,-0.0004361987839729,0.000919357356749,4.0,-0.3536559225370486,0.5214309023979866,12.0
2025-11-10,157450,TIGER 단기통안채,110406,9884,0.0003531792964981,단기자금,0.1663681852557298,0.7493408224617881,6.0,-0.127636540060242,0.4038543421453454,12.0
2025-11-10,423160,KODEX KOFR금리액티브(합성),109767,344450,0.0005009358497023,단기자금,0.1663681852557298,0.7493408224617881,6.0,-0.127636540060242,0.4038543421453454,12.0
2025-11-10,459580,KODEX CD금리액티브(합성),1064276,219591,0.0004837799938126,단기자금,0.1663681852557298,0.7493408224617881,6.0,-0.127636540060242,0.4038543421453454,12.0
2025-11-11,157450,TIGER 단기통안채,110416,8631,0.0005342001385582,단기자금,-0.001994887427827,0.0041056655230701,4.0,-0.1304600189129511,0.1951368355211832,3.0
2025-11-11,423160,KODEX KOFR금리액티브(합성),109777,343200,0.0004098379376031,단기자금,-0.001994887427827,0.0041056655230701,4.0,-0.1304600189129511,0.1951368355211832,3.0
2025-11-11,459580,KODEX CD금리액티브(합성),1064350,224062,0.0004837463666582,단기자금,-0.001994887427827,0.0041056655230701,4.0,-0.1304600189129511,0.1951368355211832,3.0
2025-11-12,157450,TIGER 단기통안채,110420,43453,0.0004979741609041,단기자금,-0.1013882276205953,0.3381006175949451,9.0,-0.0276821504036585,0.3245771234900123,9.0
2025-11-12,423160,KODEX KOFR금리액티브(합성),109782,353479,0.0004553443848198,단기자금,-0.1013882276205953,0.3381006175949451,9.0,-0.0276821504036585,0.3245771234900123,9.0
2025-11-12,459580,KODEX CD금리액티브(합성),1064424,206271,0.0004893468538309,단기자금,-0.1013882276205953,0.3381006175949451,9.0,-0.0276821504036585,0.3245771234900123,9.0
2025-11-13,157450,TIGER 단기통안채,110445,11501,0.0004526115764793,단기자금,0.2289090494148415,0.4373937140245375,13.0,0.0117487407361085,0.3652286689270292,13.0
2025-11-13,423160,KODEX KOFR금리액티브(합성),109792,385245,0.0004553029208942,단기자금,0.2289090494148415,0.4373937140245375,13.0,0.0117487407361085,0.3652286689270292,13.0
2025-11-13,459580,KODEX CD금리액티브(합성),1064643,214538,0.000492062682186,단기자금,0.2289090494148415,0.4373937140245375,13.0,0.0117487407361085,0.3652286689270292,13.0
2025-11-14,157450,TIGER 단기통안채,110445,9835,0.000497861469018,단기자금,-0.077387485604504,0.3951710466840991,8.0,-0.2273363684071228,0.3696943266019193,16.0
2025-11-14,423160,KODEX KOFR금리액티브(합성),109817,355326,0.0004096886878528,단기자금,-0.077387485604504,0.3951710466840991,8.0,-0.2273363684071228,0.3696943266019193,16.0
2025-11-14,459580,KODEX CD금리액티브(합성),1064716,212395,0.0004892126825239,단기자금,-0.077387485604504,0.3951710466840991,8.0,-0.2273363684071228,0.3696943266019193,16.0
2025-11-17,157450,TIGER 단기통안채,110445,11752,0.0006697923894076,단기자금,-0.1679808554922188,0.4161258902098031,11.0,-0.2214665667020849,0.4253927486878224,14.0
2025-11-17,423160,KODEX KOFR금리액티브(합성),109822,333141,0.0004551785744109,단기자금,-0.1679808554922188,0.4161258902098031,11.0,-0.2214665667020849,0.4253927486878224,14.0
2025-11-17,459580,KODEX CD금리액티브(합성),1064791,205934,0.0004882395400134,단기자금,-0.1679808554922188,0.4161258902098031,11.0,-0.2214665667020849,0.4253927486878224,14.0
2025-11-18,157450,TIGER 단기통안채,110475,32918,0.0005791488483879,단기자금,0.2944192040297366,0.4536665936060167,16.0,0.0082427569044133,0.2147557150079247,12.0
2025-11-18,423160,KODEX KOFR금리액티브(합성),109822,363787,0.0004551785744109,단기자금,0.2944192040297366,0.4536665936060167,16.0,0.0082427569044133,0.2147557150079247,12.0
2025-11-18,459580,KODEX CD금리액티브(합성),1064865,199973,0.000489144246746,단기자금,0.2944192040297366,0.4536665936060167,16.0,0.0082427569044133,0.2147557150079247,12.0
2025-11-19,157450,TIGER 단기통안채,110475,31480,0.0003620073346013,단기자금,0.0443694604890135,0.5662441238319432,11.0,-0.2144309446215629,0.4846457852715143,10.0
2025-11-19,423160,KODEX KOFR금리액티브(합성),109832,357435,0.000500639463576,단기자금,0.0443694604890135,0.5662441238319432,11.0,-0.2144309446215629,0.4846457852715143,10.0
2025-11-19,459580,KODEX CD금리액티브(합성),1064945,203481,0.000489107510603,단기자금,0.0443694604890135,0.5662441238319432,11.0,-0.2144309446215629,0.4846457852715143,10.0
2025-11-20,157450,TIGER 단기통안채,110495,6952,0.0004071753398484,단기자금,-0.0008882642109711,0.0018172154522317,8.0,-0.1726029266137629,0.3885720975207,8.0
2025-11-20,423160,KODEX KOFR금리액티브(합성),109842,385020,0.0004550957144822,단기자금,-0.0008882642109711,0.0018172154522317,8.0,-0.1726029266137629,0.3885720975207,8.0
2025-11-20,459580,KODEX CD금리액티브(합성),1065167,203747,0.0004936973904285,단기자금,-0.0008882642109711,0.0018172154522317,8.0,-0.1726029266137629,0.3885720975207,8.0
2025-11-21,157450,TIGER 단기통안채,110500,47237,0.0004071569193744,단기자금,-0.4463171133160358,0.4872291993685955,5.0,0.1214338629083199,0.4262364992548568,11.0
2025-11-21,423160,KODEX KOFR금리액티브(합성),109862,358636,0.0004550128847142,단기자금,-0.4463171133160358,0.4872291993685955,5.0,0.1214338629083199,0.4262364992548568,11.0
2025-11-21,459580,KODEX CD금리액티브(합성),1065237,215602,0.0004983564196141,단기자금,-0.4463171133160358,0.4872291993685955,5.0,0.1214338629083199,0.4262364992548568,11.0
2025-11-24,157450,TIGER 단기통안채,110519,8589,0.0002352259989848,단기자금,-0.0152197596053156,0.0506450709553527,8.0,-0.1531768562272191,0.3689758526088504,8.0
2025-11-24,423160,KODEX KOFR금리액티브(합성),109872,336649,0.0004549714811368,단기자금,-0.0152197596053156,0.0506450709553527,8.0,-0.1531768562272191,0.3689758526088504,8.0
2025-11-24,459580,KODEX CD금리액티브(합성),1065311,195116,0.0004992600356903,단기자금,-0.0152197596053156,0.0506450709553527,8.0,-0.1531768562272191,0.3689758526088504,8.0
2025-11-25,157450,TIGER 단기통안채,110539,18306,9.950743826436792e-05,단기자금,-0.1402176686866109,0.3709186427939852,7.0,-0.2749295987721,0.3331352578854739,7.0
2025-11-25,423160,KODEX KOFR금리액티브(합성),109872,30335,0.0005459409427501,단기자금,-0.1402176686866109,0.3709186427939852,7.0,-0.2749295987721,0.3331352578854739,7.0
2025-11-25,459580,KODEX CD금리액티브(합성),1065386,244184,0.0005076682886269,단기자금,-0.1402176686866109,0.3709186427939852,7.0,-0.2749295987721,0.3331352578854739,7.0
2025-11-26,157450,TIGER 단기통안채,110515,28072,0.0002261880537126,단기자금,-0.1331577991074612,0.5145615096314283,14.0,0.0152027215808629,0.433322990776411,8.0
2025-11-26,423160,KODEX KOFR금리액티브(합성),109887,37227,0.0004549093898962,단기자금,-0.1331577991074612,0.5145615096314283,14.0,0.0152027215808629,0.433322990776411,8.0
2025-11-26,459580,KODEX CD금리액티브(합성),1065466,214214,0.0005113824938067,단기자금,-0.1331577991074612,0.5145615096314283,14.0,0.0152027215808629,0.433322990776411,8.0
2025-11-27,157450,TIGER 단기통안채,110540,12987,0.0003165773492721,단기자금,0.3553509843962577,0.480288489935162,9.0,-0.2890255898237228,0.1746963057807149,2.0
2025-11-27,423160,KODEX KOFR금리액티브(합성),109892,57259,0.0004912708547752,단기자금,0.3553509843962577,0.480288489935162,9.0,-0.2890255898237228,0.1746963057807149,2.0
2025-11-27,459580,KODEX CD금리액티브(합성),1065693,206584,0.0005272173739854,단기자금,0.3553509843962577,0.480288489935162,9.0,-0.2890255898237228,0.1746963057807149,2.0
2025-11-28,157450,TIGER 단기통안채,110545,14404,0.000452202232541,단기자금,0.1127828251539375,0.3019477813295771,11.0,-0.4381649107672274,0.4841397620230258,4.0
2025-11-28,423160,KODEX KOFR금리액티브(합성),109912,346085,0.0005366490489571,단기자금,0.1127828251539375,0.3019477813295771,11.0,-0.4381649107672274,0.4841397620230258,4.0
2025-11-28,459580,KODEX CD금리액티브(합성),1065768,206167,0.0005318692515015,단기자금,0.1127828251539375,0.3019477813295771,11.0,-0.4381649107672274,0.4841397620230258,4.0
2025-12-01,157450,TIGER 단기통안채,110545,8017,0.0003617781435032,단기자금,0.2199277567465287,0.4122867614641634,8.0,-0.1013391145638057,0.4892786463437767,7.0
2025-12-01,423160,KODEX KOFR금리액티브(합성),109922,339242,0.0004911368096607,단기자금,0.2199277567465287,0.4122867614641634,8.0,-0.1013391145638057,0.4892786463437767,7.0
2025-12-01,459580,KODEX CD금리액티브(합성),1065843,122879,0.0005346450084573,단기자금,0.2199277567465287,0.4122867614641634,8.0,-0.1013391145638057,0.4892786463437767,7.0
2025-12-02,157450,TIGER 단기통안채,110550,4396,0.0003617617838127,단기자금,0.1421750422808914,0.559233324621563,13.0,-0.1997909947401947,0.4556194059926547,9.0
2025-12-02,423160,KODEX KOFR금리액티브(합성),109932,351990,0.0004910921442107,단기자금,0.1421750422808914,0.559233324621563,13.0,-0.1997909947401947,0.4556194059926547,9.0
2025-12-02,459580,KODEX CD금리액티브(합성),1065927,452997,0.0005355405359139,단기자금,0.1421750422808914,0.559233324621563,13.0,-0.1997909947401947,0.4556194059926547,9.0
2025-12-03,157450,TIGER 단기통안채,110540,6368,0.000452222682151,단기자금,0.0191985176648553,0.0501935384770366,7.0,-0.0094217261565583,0.4689959729556671,14.0
2025-12-03,423160,KODEX KOFR금리액티브(합성),109937,325508,0.000536527046103,단기자금,0.0191985176648553,0.0501935384770366,7.0,-0.0094217261565583,0.4689959729556671,14.0
2025-12-03,459580,KODEX CD금리액티브(합성),1066011,157330,0.0005354983474532,단기자금,0.0191985176648553,0.0501935384770366,7.0,-0.0094217261565583,0.4689959729556671,14.0
2025-12-04,157450,TIGER 단기통안채,110575,7940,0.0004520795737033,단기자금,-0.0688159331749678,0.2575163818192043,15.0,-0.0035974538574616,0.3439090943863395,12.0
2025-12-04,423160,KODEX KOFR금리액티브(합성),109946,366775,0.000500120493994,단기자금,-0.0688159331749678,0.2575163818192043,15.0,-0.0035974538574616,0.3439090943863395,12.0
2025-12-04,459580,KODEX CD금리액티브(합성),1066255,190674,0.0005391252706079,단기자금,-0.0688159331749678,0.2575163818192043,15.0,-0.0035974538574616,0.3439090943863395,12.0
2025-12-05,157450,TIGER 단기통안채,110595,6051,0.0001808236522276,단기자금,0.1601481538841653,0.3786213827720056,16.0,-0.0852652549743652,0.486496931215979,10.0
2025-12-05,423160,KODEX KOFR금리액티브(합성),109971,357558,0.0004545619918996,단기자금,0.1601481538841653,0.3786213827720056,16.0,-0.0852652549743652,0.486496931215979,10.0
2025-12-05,459580,KODEX CD금리액티브(합성),1066335,181751,0.0005437712544633,단기자금,0.1601481538841653,0.3786213827720056,16.0,-0.0852652549743652,0.486496931215979,10.0
2025-12-08,157450,TIGER 단기통안채,110585,6640,0.0004068440261342,단기자금,0.139357546467571,0.3519323524620576,14.0,-0.0373798813670873,0.4137355284928968,12.0
2025-12-08,423160,KODEX KOFR금리액티브(합성),109976,335780,0.0005454248085321,단기자금,0.139357546467571,0.3519323524620576,14.0,-0.0373798813670873,0.4137355284928968,12.0
2025-12-08,459580,KODEX CD금리액티브(합성),1066413,212837,0.0005446687053751,단기자금,0.139357546467571,0.3519323524620576,14.0,-0.0373798813670873,0.4137355284928968,12.0
2025-12-09,157450,TIGER 단기통안채,110590,10564,0.0007683095309367,단기자금,0.0818543315512857,0.4390757759247197,17.0,0.1381705857015081,0.2987149403091391,14.0
2025-12-09,423160,KODEX KOFR금리액티브(합성),109986,343433,0.0004999386543076,단기자금,0.0818543315512857,0.4390757759247197,17.0,0.1381705857015081,0.2987149403091391,14.0
2025-12-09,459580,KODEX CD금리액티브(합성),1066498,217523,0.0005399396073748,단기자금,0.0818543315512857,0.4390757759247197,17.0,0.1381705857015081,0.2987149403091391,14.0
2025-12-10,157450,TIGER 단기통안채,110590,7982,0.0006779508067396,단기자금,-0.1455741868016957,0.4924655213327784,16.0,-0.2766817203507973,0.4041328192398171,13.0
2025-12-10,423160,KODEX KOFR금리액티브(합성),109996,346067,0.0004544587020713,단기자금,-0.1455741868016957,0.4924655213327784,16.0,-0.2766817203507973,0.4041328192398171,13.0
2025-12-10,459580,KODEX CD금리액티브(합성),1066582,192423,0.0005398970952334,단기자금,-0.1455741868016957,0.4924655213327784,16.0,-0.2766817203507973,0.4041328192398171,13.0
2025-12-11,157450,TIGER 단기통안채,110625,16150,0.0007229024848331,단기자금,0.1054858086670439,0.6404332416518036,13.0,-0.0791848725997484,0.4114186128494004,13.0
2025-12-11,423160,KODEX KOFR금리액티브(합성),110001,370117,0.0004998704985101,단기자금,0.1054858086670439,0.6404332416518036,13.0,-0.0791848725997484,0.4114186128494004,13.0
2025-12-11,459580,KODEX CD금리액티브(합성),1066830,188673,0.0005397716222432,단기자금,0.1054858086670439,0.6404332416518036,13.0,-0.0791848725997484,0.4114186128494004,13.0
2025-12-12,157450,TIGER 단기통안채,110615,10620,0.0009036281281744,단기자금,0.1116780948961806,0.3330504812141686,9.0,-0.0922177238880019,0.3865007498002502,19.0
2025-12-12,423160,KODEX KOFR금리액티브(합성),110021,336267,0.0005906218510958,단기자금,0.1116780948961806,0.3330504812141686,9.0,-0.0922177238880019,0.3865007498002502,19.0
2025-12-12,459580,KODEX CD금리액티브(합성),1066915,208233,0.0005397286308053,단기자금,0.1116780948961806,0.3330504812141686,9.0,-0.0922177238880019,0.3865007498002502,19.0
2025-12-15,157450,TIGER 단기통안채,110630,23837,0.0005422013507132,단기자금,-0.0546736293415506,0.4438495525031627,16.0,0.1394124408917767,0.2051453103480326,7.0
2025-12-15,423160,KODEX KOFR금리액티브(합성),110036,341085,0.0004997115405611,단기자금,-0.0546736293415506,0.4438495525031627,16.0,0.1394124408917767,0.2051453103480326,7.0
2025-12-15,459580,KODEX CD금리액티브(합성),1066994,234835,0.0005443722028637,단기자금,-0.0546736293415506,0.4438495525031627,16.0,0.1394124408917767,0.2051453103480326,7.0
2025-12-16,157450,TIGER 단기통안채,110675,15006,0.0004516711910564,단기자금,0.1268809808570949,0.8314203578204501,8.0,-0.1228747195140882,0.3136745876779575,11.0
2025-12-16,423160,KODEX KOFR금리액티브(합성),110041,32758,0.0004542728986223,단기자금,0.1268809808570949,0.8314203578204501,8.0,-0.1228747195140882,0.3136745876779575,11.0
2025-12-16,459580,KODEX CD금리액티브(합성),1067074,204351,0.0006407998600401,단기자금,0.1268809808570949,0.8314203578204501,8.0,-0.1228747195140882,0.3136745876779575,11.0
2025-12-17,157450,TIGER 단기통안채,110665,12957,0.0008580784087524,단기자금,0.0922388856702127,0.5398633952744771,16.0,-0.0884269776029719,0.4103609418193303,9.0
2025-12-17,423160,KODEX KOFR금리액티브(합성),110046,40363,0.0005904877145734,단기자금,0.0922388856702127,0.5398633952744771,16.0,-0.0884269776029719,0.4103609418193303,9.0
2025-12-17,459580,KODEX CD금리액티브(합성),1067158,211035,0.0008186625535095,단기자금,0.0922388856702127,0.5398633952744771,16.0,-0.0884269776029719,0.4103609418193303,9.0
2025-12-18,157450,TIGER 단기통안채,110705,12160,0.0005418341217122,단기자금,0.2054461657733352,0.5323835921433656,18.0,0.1422861313017515,0.4122388464595262,13.0
2025-12-18,423160,KODEX KOFR금리액티브(합성),110056,61468,0.0007266386019484,단기자금,0.2054461657733352,0.5323835921433656,18.0,0.1422861313017515,0.4122388464595262,13.0
2025-12-18,459580,KODEX CD금리액티브(합성),1067406,202403,0.0006658790621987,단기자금,0.2054461657733352,0.5323835921433656,18.0,0.1422861313017515,0.4122388464595262,13.0
2025-12-19,157450,TIGER 단기통안채,110715,4454,0.0007223150510426,단기자금,-0.2623541938040656,0.4490453062195083,19.0,-0.1404825427702495,0.2444419241370259,7.0
2025-12-19,423160,KODEX KOFR금리액티브(합성),110086,44783,0.0005448799582659,단기자금,-0.2623541938040656,0.4490453062195083,19.0,-0.1404825427702495,0.2444419241370259,7.0
2025-12-19,459580,KODEX CD금리액티브(합성),1067491,227363,0.0008287033327896,단기자금,-0.2623541938040656,0.4490453062195083,19.0,-0.1404825427702495,0.2444419241370259,7.0
2025-12-22,157450,TIGER 단기통안채,110690,8579,0.0010835215507007,단기자금,0.0033711279159303,0.780038281866898,7.0,0.0339859177668889,0.5114661040616144,6.0
2025-12-22,423160,KODEX KOFR금리액티브(합성),110091,215957,0.00067194539794,단기자금,0.0033711279159303,0.780038281866898,7.0,0.0339859177668889,0.5114661040616144,6.0
2025-12-22,459580,KODEX CD금리액티브(합성),1067575,281548,0.0009821183179266,단기자금,0.0033711279159303,0.780038281866898,7.0,0.0339859177668889,0.5114661040616144,6.0
2025-12-23,157450,TIGER 단기통안채,110725,4678,,단기자금,0.249432516061006,0.462607559144789,8.0,-0.0281783619688616,0.4229331873607804,9.0
2025-12-23,423160,KODEX KOFR금리액티브(합성),110091,74565,,단기자금,0.249432516061006,0.462607559144789,8.0,-0.0281783619688616,0.4229331873607804,9.0
2025-12-23,459580,KODEX CD금리액티브(합성),1067758,221159,,단기자금,0.249432516061006,0.462607559144789,8.0,-0.0281783619688616,0.4229331873607804,9.0
2025-12-24,157450,TIGER 단기통안채,110760,15831,,단기자금,0.2143975967880508,0.5568009678921549,13.0,0.0245131927076727,0.4423409332023302,8.0
2025-12-24,423160,KODEX KOFR금리액티브(합성),110111,118446,,단기자금,0.2143975967880508,0.5568009678921549,13.0,0.0245131927076727,0.4423409332023302,8.0
2025-12-24,459580,KODEX CD금리액티브(합성),1068032,233813,,단기자금,0.2143975967880508,0.5568009678921549,13.0,0.0245131927076727,0.4423409332023302,8.0
2025-12-26,157450,TIGER 단기통안채,110765,24018,,단기자금,-0.0003442434717726,0.6315722154940822,6.0,0.2020327796538671,0.487501408157949,6.0
2025-12-26,423160,KODEX KOFR금리액티브(합성),110136,56196,,단기자금,-0.0003442434717726,0.6315722154940822,6.0,0.2020327796538671,0.487501408157949,6.0
2025-12-26,459580,KODEX CD금리액티브(합성),1068117,280755,,단기자금,-0.0003442434717726,0.6315722154940822,6.0,0.2020327796538671,0.487501408157949,6.0
2025-12-29,157450,TIGER 단기통안채,110795,23643,,단기자금,-0.0131260637914365,0.4495820259759919,57.0,-0.3630479594899548,0.4792099621428038,9.0
2025-12-29,423160,KODEX KOFR금리액티브(합성),110146,64840,,단기자금,-0.0131260637914365,0.4495820259759919,57.0,-0.3630479594899548,0.4792099621428038,9.0
2025-12-29,459580,KODEX CD금리액티브(합성),1068376,332188,,단기자금,-0.0131260637914365,0.4495820259759919,57.0,-0.3630479594899548,0.4792099621428038,9.0
2025-12-30,157450,TIGER 단기통안채,110810,225595,,단기자금,0.0027077754161975,0.5988102832344896,66.0,-0.3049792399009068,0.5132413656793742,3.0
2025-12-30,423160,KODEX KOFR금리액티브(합성),110165,95400,,단기자금,0.0027077754161975,0.5988102832344896,66.0,-0.3049792399009068,0.5132413656793742,3.0
2025-12-30,459580,KODEX CD금리액티브(합성),1068624,263234,,단기자금,0.0027077754161975,0.5988102832344896,66.0,-0.3049792399009068,0.5132413656793742,3.0
